aX,aY,aZ,gX,gY,gZ
0.530,1.849,-0.276,82.520,-75.684,-25.635
0.512,1.958,-0.375,95.398,-107.361,-25.146
0.460,2.082,-0.454,102.051,-140.930,-21.484
0.367,2.172,-0.469,102.173,-169.800,-16.357
0.180,2.382,-0.413,95.581,-189.026,-12.756
-0.037,2.413,-0.346,90.210,-194.397,-8.667
-0.251,2.326,-0.229,83.130,-178.833,-2.258
-0.436,2.259,0.068,66.284,-139.771,1.831
-0.501,2.017,0.379,45.410,-86.121,3.967
-0.442,1.577,0.667,19.348,-26.184,4.700
-0.269,0.971,0.981,-18.311,28.076,-0.061
0.054,0.274,1.294,-68.481,65.552,-6.592
0.414,-0.198,1.502,-129.456,66.223,-13.245
0.589,-0.492,1.569,-185.913,22.156,-16.235
0.590,-0.850,1.478,-220.886,-54.993,-10.498
0.383,-1.133,1.185,-226.868,-142.212,-3.784
-0.061,-1.404,0.923,-196.533,-206.238,-6.226
-0.453,-1.978,0.908,-135.864,-226.501,-17.334
-0.863,-2.804,1.305,-47.852,-206.177,-36.255
-1.109,-3.634,1.959,68.359,-154.907,-72.815
-0.958,-4.000,2.370,200.562,-74.768,-125.916
-0.510,-4.000,2.396,295.776,35.217,-189.636
0.335,-4.000,2.276,302.490,162.170,-239.624
1.215,-4.000,2.372,217.224,260.803,-256.104
1.990,-3.545,2.331,90.210,288.696,-239.258
2.379,-2.310,2.247,-13.123,245.544,-198.425
2.162,-1.099,2.027,-68.481,153.564,-142.578
1.751,-0.338,1.987,-72.632,50.049,-65.979
1.282,-0.252,1.812,-38.574,-46.265,20.142
0.676,-0.735,1.568,0.366,-117.432,96.741
0.029,-1.212,1.431,14.832,-149.048,142.883
-0.538,-1.481,1.329,7.080,-143.127,157.349
-0.905,-1.674,1.287,-9.338,-109.863,153.748
-1.068,-1.782,1.233,-27.222,-65.125,138.428
-1.059,-1.873,1.115,-43.457,-21.606,114.807
-0.912,-1.839,1.031,-57.983,13.855,87.952
-0.691,-1.680,1.002,-69.153,40.588,61.646
-0.457,-1.509,0.990,-71.838,59.448,39.490
-0.203,-1.385,0.980,-66.895,71.838,26.184
0.036,-1.277,0.989,-58.350,77.148,22.278
0.259,-1.201,1.024,-48.096,74.341,25.635
0.405,-1.141,1.078,-36.926,63.232,34.119
0.449,-1.096,1.125,-24.536,46.326,47.119
0.448,-1.133,1.160,-11.963,28.259,63.782
0.401,-1.200,1.129,-2.319,12.207,78.796
0.306,-1.203,1.089,2.197,2.625,87.891
0.240,-1.201,1.091,3.052,0.793,91.003
0.197,-1.232,1.091,1.099,3.601,89.294
0.154,-1.194,1.125,-8.484,9.705,82.764
0.181,-1.122,1.051,-22.888,14.893,72.388
0.094,-0.976,1.080,-38.879,21.301,57.800
0.137,-0.793,0.965,-50.415,26.978,47.852
0.175,-0.687,0.941,-56.213,33.813,42.480
0.286,-0.556,0.860,-60.791,38.513,37.231
0.239,-0.391,0.864,-60.791,40.710,32.410
0.285,-0.202,0.823,-56.885,43.152,31.006
0.310,-0.102,0.836,-47.791,43.396,31.372
0.392,-0.060,0.773,-37.598,40.710,33.508
0.338,-0.009,0.808,-29.663,37.292,31.738
0.396,0.011,0.803,-23.132,30.151,29.297
0.350,-0.001,0.781,-17.822,19.592,24.536
0.338,-0.000,0.786,-15.320,11.292,19.348
0.339,0.002,0.764,-13.611,3.296,15.564
0.350,0.020,0.758,-11.475,-1.526,11.963
0.341,-0.002,0.719,-7.935,-2.930,9.033
0.269,0.004,0.703,-4.517,3.906,6.653
0.324,0.030,0.757,-2.319,18.860,9.705
0.467,-0.066,0.715,0.977,31.860,16.602
0.508,-0.025,0.847,4.333,41.809,17.029
0.585,-0.006,0.919,9.460,43.213,16.724
0.620,-0.067,0.943,15.930,34.302,17.090
0.641,-0.100,0.981,19.470,20.569,18.494
0.550,-0.130,0.936,20.569,4.578,17.944
0.450,-0.131,0.896,18.555,-4.883,16.846
0.417,-0.146,0.889,14.648,-5.432,15.930
0.419,-0.139,0.909,9.949,-0.671,14.038
0.453,-0.134,0.942,6.409,5.127,11.108
0.498,-0.152,0.969,4.333,10.681,9.338
0.548,-0.176,0.983,2.441,13.672,9.521
0.555,-0.186,0.969,-1.221,13.916,10.193
0.537,-0.185,0.961,-4.761,14.038,10.681
0.486,-0.202,0.912,-8.057,15.747,10.376
0.452,-0.224,0.867,-11.230,20.569,9.460
0.475,-0.196,0.903,-14.221,25.757,6.653
0.536,-0.153,0.908,-16.602,23.132,4.089
0.551,-0.144,0.865,-16.846,13.489,3.601
0.513,-0.104,0.845,-16.846,4.578,3.540
0.456,-0.078,0.810,-15.503,-0.916,5.127
0.418,-0.088,0.795,-13.489,-0.793,8.423
0.435,-0.074,0.824,-12.634,2.930,10.620
0.419,-0.101,0.791,-11.047,4.822,10.620
0.436,-0.078,0.809,-9.644,6.287,8.545
0.371,-0.048,0.769,-7.629,6.714,5.188
0.420,-0.029,0.837,-6.287,9.949,2.930
0.436,-0.043,0.786,-2.930,9.583,2.075
0.422,-0.078,0.771,-1.404,12.512,-0.305
0.434,-0.045,0.841,0.122,16.724,-2.441
0.506,-0.056,0.823,-0.183,17.395,-4.089
0.489,-0.073,0.804,1.160,12.695,-5.798
0.486,-0.056,0.812,0.732,9.460,-7.141
0.467,-0.027,0.811,1.587,7.263,-8.118
0.477,-0.028,0.800,3.601,8.240,-8.301
0.501,-0.031,0.820,5.554,10.010,-8.484
0.509,-0.043,0.818,6.775,9.705,-7.996
0.506,-0.049,0.816,6.409,8.911,-6.958
0.497,-0.046,0.807,4.395,7.935,-4.761
0.463,-0.031,0.787,1.831,8.484,-2.380
0.457,-0.029,0.766,-0.732,10.193,1.221
0.452,-0.031,0.753,-2.869,11.841,3.357
0.454,-0.038,0.739,-4.272,12.207,3.845
0.450,-0.037,0.728,-5.615,10.498,2.991
0.458,-0.026,0.732,-6.531,7.141,0.671
0.445,-0.015,0.734,-5.737,3.418,-1.770
0.451,-0.006,0.746,-3.662,0.427,-2.930
0.469,-0.001,0.763,-0.916,-1.221,-2.808
0.482,-0.010,0.769,1.831,-3.540,-2.075
0.489,-0.031,0.773,3.540,-6.714,-0.671
0.454,-0.052,0.757,4.272,-9.094,0.549
0.402,-0.064,0.742,3.113,-8.545,0.854

0.399,2.333,-0.443,68.604,-65.430,-23.315
0.511,2.522,-0.515,74.646,-94.360,-28.503
0.520,2.657,-0.572,78.186,-126.526,-34.851
0.460,2.680,-0.613,79.773,-156.067,-34.973
0.286,2.628,-0.622,76.416,-178.589,-22.705
-0.067,2.653,-0.506,63.049,-187.073,2.075
-0.517,2.562,-0.266,45.532,-178.101,35.034
-0.922,2.219,-0.032,31.677,-151.489,66.040
-1.260,1.697,0.198,19.104,-108.521,80.322
-1.466,1.113,0.489,5.127,-53.772,70.984
-1.334,0.371,0.941,-9.644,7.080,42.419
-0.837,-0.423,1.424,-23.682,64.331,-1.160
-0.125,-1.073,1.813,-40.833,106.201,-56.152
0.960,-1.784,2.310,-71.472,120.667,-88.501
1.949,-2.426,2.704,-103.455,89.600,-80.444
1.822,-2.904,2.557,-119.324,9.705,-57.007
1.520,-3.339,2.321,-123.779,-66.040,-23.315
1.332,-3.045,2.316,-118.958,-98.083,7.507
0.914,-2.758,2.193,-86.548,-89.966,7.263
0.538,-2.518,1.923,-36.011,-45.288,-12.512
0.418,-2.415,1.706,6.165,23.193,-31.189
0.525,-2.257,1.633,34.790,91.125,-47.241
0.790,-2.118,1.670,49.561,137.268,-64.148
1.099,-2.070,1.758,50.842,149.353,-77.454
1.316,-1.894,1.832,39.368,125.549,-87.891
1.331,-1.650,1.857,25.024,78.430,-91.980
1.174,-1.396,1.793,16.235,25.513,-83.984
0.975,-1.284,1.602,12.207,-16.907,-64.941
0.744,-1.152,1.466,7.080,-40.466,-46.509
0.575,-1.132,1.297,1.465,-48.706,-29.236
0.521,-1.097,1.245,-4.578,-46.631,-15.442
0.472,-1.011,1.149,-9.888,-44.556,-6.409
0.384,-0.965,1.027,-10.864,-45.837,0.183
0.310,-0.936,0.919,-7.935,-46.875,6.042
0.231,-0.906,0.856,-0.610,-44.983,9.033
0.207,-0.872,0.844,8.972,-41.077,10.742
0.210,-0.845,0.854,19.165,-38.391,12.390
0.239,-0.882,0.864,26.855,-37.903,16.541
0.240,-0.919,0.863,29.114,-37.903,22.400
0.251,-0.907,0.905,25.757,-37.048,30.396
0.269,-0.891,0.921,20.813,-36.072,40.039
0.288,-0.882,0.935,15.625,-35.095,48.645
0.280,-0.850,0.955,10.254,-36.377,53.772
0.249,-0.787,0.979,5.737,-39.734,54.504
0.202,-0.743,0.966,3.601,-43.030,50.354
0.103,-0.729,0.926,3.845,-42.908,42.358
0.034,-0.724,0.899,3.723,-34.912,33.081
0.014,-0.712,0.878,2.930,-19.836,22.766
0.048,-0.708,0.867,2.930,-0.793,10.986
0.125,-0.699,0.876,3.235,18.311,-0.122
0.217,-0.687,0.892,3.784,34.790,-8.240
0.255,-0.741,0.776,4.700,48.340,-13.489
0.343,-0.568,1.036,2.625,66.833,-17.822
0.589,-0.716,0.865,4.211,68.481,-15.320
0.613,-0.678,0.983,4.150,59.265,-16.174
0.717,-0.603,1.056,-0.732,38.452,-9.094
0.658,-0.576,1.015,-3.113,10.010,0.610
0.622,-0.502,1.064,-4.700,-13.611,9.766
0.404,-0.504,0.888,-3.235,-31.677,16.663
0.341,-0.487,0.922,-1.465,-33.386,19.226
0.264,-0.493,0.854,2.563,-29.358,15.747
0.211,-0.480,0.839,4.578,-16.663,9.338
0.229,-0.440,0.854,5.554,-0.977,3.235
0.313,-0.398,0.877,7.202,11.353,-1.038
0.373,-0.389,0.854,10.498,17.151,-2.686
0.403,-0.350,0.896,13.672,17.822,-3.235
0.444,-0.331,0.932,17.029,13.794,-2.747
0.469,-0.346,0.939,19.775,6.775,-0.488
0.472,-0.356,0.949,19.104,0.000,2.991
0.424,-0.360,0.933,16.418,-4.517,6.714
0.408,-0.340,0.941,11.597,-4.272,9.033
0.429,-0.330,0.947,7.324,-2.014,10.071
0.448,-0.313,0.942,3.601,-1.160,11.414
0.447,-0.282,0.941,0.671,-1.770,13.733
0.437,-0.253,0.937,-1.343,-4.089,15.686
0.411,-0.234,0.924,-1.831,-6.592,17.334
0.383,-0.233,0.918,-1.770,-7.446,19.165
0.360,-0.241,0.911,-1.892,-6.409,20.630
0.339,-0.254,0.908,-2.441,-3.723,20.508
0.334,-0.268,0.903,-4.150,-0.305,19.043
0.344,-0.278,0.890,-6.592,3.662,16.602
0.358,-0.267,0.885,-9.277,7.263,14.587
0.379,-0.260,0.883,-11.658,9.277,13.733
0.397,-0.257,0.883,-12.756,8.728,13.611
0.397,-0.266,0.880,-12.695,5.981,13.550
0.380,-0.284,0.861,-12.512,2.441,13.184
0.362,-0.292,0.839,-12.695,-0.244,12.634
0.359,-0.286,0.852,-13.245,-0.732,11.597
0.346,-0.283,0.844,-13.733,-0.549,10.010
0.331,-0.316,0.833,-13.916,1.587,7.935
0.315,-0.278,0.845,-13.916,5.798,4.944
0.317,-0.323,0.844,-12.817,10.986,3.967
0.340,-0.330,0.843,-12.451,16.418,2.075
0.357,-0.319,0.857,-13.489,20.874,0.977
0.391,-0.312,0.869,-14.709,22.827,1.526
0.396,-0.315,0.845,-15.442,22.217,2.380
0.396,-0.304,0.848,-15.930,21.301,2.380
0.432,-0.304,0.876,-15.320,18.738,2.075
0.450,-0.310,0.869,-14.221,12.756,2.014
0.433,-0.310,0.856,-14.404,5.432,2.136
0.389,-0.304,0.847,-14.282,0.122,2.441
0.380,-0.291,0.860,-13.245,-1.282,2.625
0.390,-0.294,0.861,-12.207,-1.892,3.052
0.405,-0.297,0.864,-11.658,-2.441,3.296
0.378,-0.292,0.850,-11.536,-2.502,2.808
0.372,-0.287,0.853,-12.207,-0.488,2.563
0.367,-0.262,0.852,-12.207,2.441,1.282
0.392,-0.268,0.850,-11.475,5.676,0.305
0.401,-0.264,0.863,-10.437,7.507,-0.183
0.412,-0.270,0.870,-9.766,7.385,-0.122
0.421,-0.279,0.883,-9.399,5.188,-0.244
0.422,-0.281,0.879,-10.376,1.831,0.000
0.411,-0.269,0.878,-11.902,-1.953,0.305
0.398,-0.263,0.865,-12.878,-5.005,0.549
0.377,-0.259,0.850,-13.428,-6.470,0.610
0.361,-0.263,0.833,-13.123,-5.554,0.183
0.361,-0.270,0.829,-13.123,-2.502,-0.427
0.373,-0.262,0.832,-13.794,1.526,-0.977
0.404,-0.259,0.830,-14.160,5.310,-0.854

0.498,2.011,-0.407,81.482,-61.096,-31.555
0.640,1.978,-0.524,79.529,-70.740,-47.485
0.731,1.930,-0.572,75.134,-78.308,-60.730
0.758,1.892,-0.574,71.716,-87.158,-63.660
0.700,1.788,-0.558,73.669,-95.703,-53.528
0.565,1.611,-0.522,77.637,-99.792,-29.846
0.417,1.383,-0.385,77.393,-98.145,5.920
0.236,0.996,-0.137,68.909,-94.238,51.575
0.034,0.521,0.164,49.316,-92.163,98.999
-0.224,0.145,0.544,20.203,-96.558,130.371
-0.542,-0.149,0.842,-7.751,-108.521,133.423
-0.823,-0.388,1.036,-31.067,-116.455,112.244
-0.994,-0.580,1.192,-54.443,-109.863,75.928
-0.941,-0.847,1.305,-80.750,-87.158,39.673
-0.735,-1.010,1.442,-103.882,-50.903,15.320
-0.429,-1.092,1.638,-114.807,-6.775,-2.197
-0.057,-1.167,1.830,-115.051,36.804,-7.690
0.359,-1.190,2.005,-106.445,68.054,4.517
0.776,-1.057,2.179,-83.191,75.134,26.794
1.007,-0.997,2.237,-43.457,50.049,56.274
0.962,-1.116,2.173,3.784,0.488,83.923
0.573,-1.284,1.998,49.072,-52.612,96.924
0.119,-1.575,1.878,87.585,-84.839,90.027
-0.223,-1.790,1.796,113.831,-85.388,58.838
-0.428,-2.001,1.676,128.906,-56.824,4.211
-0.368,-2.130,1.701,131.897,-2.625,-66.650
-0.030,-2.225,1.747,119.751,59.448,-136.169
0.391,-2.223,1.710,91.187,107.422,-192.078
0.795,-2.045,1.643,50.720,133.484,-226.624
1.051,-1.728,1.473,10.254,139.282,-233.704
1.195,-1.333,1.354,-20.020,133.972,-218.506
1.284,-1.050,1.260,-34.302,119.080,-187.683
1.314,-0.886,1.174,-35.400,94.299,-146.851
1.263,-0.748,1.130,-29.785,61.279,-103.943
1.171,-0.691,1.115,-18.555,22.461,-61.829
0.997,-0.700,1.081,-4.700,-19.043,-24.109
0.779,-0.720,1.078,9.521,-59.326,6.409
0.564,-0.739,1.098,23.682,-94.849,30.273
0.300,-0.794,1.091,36.316,-124.084,47.119
-0.013,-0.943,1.049,44.434,-142.517,55.420
-0.292,-1.102,0.997,42.664,-140.686,56.641
-0.463,-1.173,0.961,28.931,-117.310,53.040
-0.488,-1.052,0.969,9.155,-80.688,42.908
-0.393,-0.859,1.010,-6.226,-43.396,26.489
-0.223,-0.773,1.045,-11.292,-16.785,7.568
-0.130,-0.774,1.028,-9.521,-3.296,-10.254
-0.051,-0.755,1.021,-7.385,6.042,-23.621
0.056,-0.754,1.042,-5.920,15.259,-30.396
0.215,-0.766,1.065,-6.409,23.621,-29.236
0.352,-0.707,1.114,-10.315,27.283,-22.827
0.421,-0.603,1.120,-15.259,21.362,-14.587
0.415,-0.504,1.130,-17.029,8.240,-5.371
0.339,-0.406,1.121,-14.771,-6.775,4.883
0.276,-0.455,1.056,-10.071,-20.447,15.381
0.077,-0.464,1.029,-5.310,-28.320,18.921
0.179,-0.342,1.126,0.732,-30.029,18.311
0.025,-0.534,0.990,8.484,-33.264,16.541
0.053,-0.457,1.081,10.315,-24.902,10.986
0.048,-0.465,1.075,14.832,-17.273,2.625
0.181,-0.472,1.144,17.273,-11.353,0.183
0.163,-0.534,1.104,18.188,-10.376,1.526
0.159,-0.505,1.142,15.015,-8.362,4.639
0.195,-0.540,1.144,11.536,-7.874,8.057
0.207,-0.585,1.123,9.033,-8.972,7.812
0.177,-0.558,1.145,4.395,-9.766,5.371
0.145,-0.571,1.114,-0.488,-11.047,4.089
0.123,-0.562,1.104,-2.808,-9.338,1.221
0.143,-0.618,1.081,-2.930,-5.371,-1.953
0.121,-0.648,1.053,-2.930,-0.122,-4.517
0.140,-0.676,1.021,-3.479,6.042,-6.165
0.183,-0.707,1.027,-3.357,12.512,-7.935
0.193,-0.726,1.017,-3.174,14.893,-9.521
0.180,-0.780,1.030,-4.150,15.381,-7.629
0.149,-0.820,1.018,-7.263,17.334,-2.563
0.163,-0.812,1.041,-12.268,22.583,2.258
0.183,-0.829,1.005,-16.052,27.222,3.784
0.198,-0.803,1.036,-19.775,31.677,1.099
0.201,-0.810,1.007,-22.827,35.278,-1.221
0.165,-0.801,0.968,-26.489,42.603,-3.601
0.182,-0.760,0.980,-31.433,54.626,-5.371
0.280,-0.731,1.023,-34.729,65.918,-4.333
0.332,-0.759,1.001,-35.889,70.435,-0.916
0.348,-0.710,1.078,-38.879,70.740,4.089
0.383,-0.724,1.085,-41.443,65.674,13.367
0.361,-0.690,1.078,-44.434,57.556,20.081
0.328,-0.650,1.086,-48.584,49.255,23.682
0.300,-0.614,1.094,-51.147,41.016,27.344
0.281,-0.575,1.102,-51.086,32.532,29.358
0.254,-0.567,1.087,-48.584,24.658,27.954
0.222,-0.592,1.070,-45.349,20.142,23.926
0.219,-0.638,1.071,-42.603,21.301,18.921
0.242,-0.698,1.061,-42.419,27.039,15.137
0.229,-0.721,1.043,-44.434,36.438,11.414
0.250,-0.687,1.009,-48.828,48.523,8.240
0.340,-0.639,1.000,-53.955,59.204,5.981
0.418,-0.558,0.989,-56.641,63.049,5.920
0.491,-0.442,0.992,-55.847,57.678,10.864
0.535,-0.330,1.023,-49.683,43.701,20.325
0.531,-0.264,1.067,-37.048,23.865,31.860
0.489,-0.264,1.097,-20.630,4.089,42.908
0.420,-0.342,1.120,-5.615,-9.705,50.476
0.350,-0.442,1.114,3.601,-14.221,53.040
0.298,-0.509,1.092,4.333,-8.484,49.194
0.290,-0.515,1.081,-2.380,4.822,39.307
0.336,-0.474,1.080,-10.986,20.508,26.367
0.379,-0.420,1.116,-18.433,34.302,14.038
0.406,-0.336,1.140,-23.621,46.265,7.935
0.466,-0.269,1.181,-26.062,54.993,10.803
0.512,-0.203,1.222,-25.513,57.800,17.822
0.508,-0.158,1.251,-21.667,53.284,23.010
0.471,-0.165,1.234,-16.724,45.349,24.902
0.408,-0.170,1.204,-13.916,39.551,23.926
0.379,-0.167,1.191,-14.587,38.635,20.081
0.332,-0.130,1.159,-16.907,43.213,11.719
0.304,-0.056,1.149,-20.813,55.786,0.916
0.323,-0.014,1.154,-24.841,73.425,-9.705
0.388,0.036,1.198,-28.870,91.980,-19.592
0.525,0.108,1.237,-33.325,107.605,-23.682
0.669,0.155,1.264,-36.804,114.075,-20.447

0.451,1.960,-0.442,54.565,-149.536,-34.668
0.460,2.041,-0.443,60.913,-162.781,-36.072
0.427,2.081,-0.406,71.655,-177.185,-35.400
0.363,2.051,-0.334,86.304,-189.880,-32.532
0.285,1.909,-0.248,101.807,-200.623,-27.100
0.166,1.671,-0.183,113.708,-210.266,-20.691
0.021,1.399,-0.128,119.446,-217.224,-18.188
-0.082,1.084,-0.029,117.126,-215.881,-20.447
-0.102,0.720,0.064,104.187,-205.078,-21.240
-0.111,0.386,0.159,76.111,-187.866,-15.198
-0.075,0.141,0.306,36.804,-165.894,-6.836
-0.119,-0.137,0.403,-7.446,-143.066,4.639
-0.138,-0.382,0.498,-51.941,-121.887,14.160
-0.042,-0.656,0.657,-87.769,-100.159,11.841
0.237,-0.938,0.952,-104.919,-78.308,-5.737
0.512,-1.109,1.206,-99.243,-61.646,-31.128
0.714,-1.258,1.420,-73.181,-55.603,-51.392
0.955,-1.522,1.604,-39.978,-65.796,-52.307
1.133,-1.869,1.761,-6.958,-95.581,-39.673
1.109,-2.205,1.831,22.827,-137.207,-26.123
0.888,-2.452,1.839,47.241,-176.208,-16.907
0.592,-2.555,1.840,64.209,-195.984,-14.465
0.275,-2.545,1.837,75.684,-187.866,-22.034
0.028,-2.446,1.883,84.656,-151.428,-39.978
-0.050,-2.294,1.940,92.834,-94.971,-65.125
-0.082,-2.205,1.889,96.802,-31.921,-93.994
-0.058,-2.142,1.696,86.487,27.466,-123.291
0.134,-2.057,1.448,56.824,82.825,-150.635
0.421,-1.814,1.246,18.311,130.493,-176.270
0.771,-1.476,1.187,-15.808,164.917,-192.139
1.138,-1.112,1.210,-34.790,178.101,-188.965
1.445,-0.855,1.223,-37.842,162.598,-164.734
1.611,-0.682,1.256,-30.884,117.615,-123.901
1.582,-0.623,1.217,-16.296,46.936,-71.350
1.379,-0.718,1.122,0.366,-34.241,-15.076
1.067,-0.886,0.982,13.489,-111.816,38.330
0.718,-1.067,0.792,20.142,-176.025,82.458
0.332,-1.158,0.627,20.020,-219.604,110.229
-0.053,-1.169,0.501,17.517,-238.464,119.507
-0.353,-1.101,0.589,14.771,-234.436,118.103
-0.322,-1.180,0.510,15.808,-225.098,117.310
-0.742,-1.244,0.308,15.869,-201.599,99.731
-0.701,-0.997,0.620,-1.282,-148.743,78.979
-0.543,-1.136,0.517,0.977,-107.544,63.049
-0.390,-0.995,0.756,-2.441,-58.838,42.175
-0.094,-1.122,0.837,1.709,-28.198,27.100
0.033,-1.080,1.013,9.949,-11.414,10.986
0.096,-1.298,1.052,18.188,-5.127,4.883
0.132,-1.369,1.101,20.142,2.991,-1.221
0.133,-1.443,1.057,17.700,11.353,-5.554
0.192,-1.445,1.023,8.850,23.437,-9.521
0.224,-1.298,1.062,-2.258,34.973,-14.954
0.305,-1.115,1.074,-11.658,40.161,-18.005
0.315,-0.988,1.057,-15.930,37.415,-19.531
0.313,-0.798,1.121,-16.296,30.884,-19.104
0.302,-0.756,1.064,-10.742,20.996,-14.038
0.233,-0.670,1.021,-3.601,14.526,-9.827
0.272,-0.643,1.177,1.892,10.193,-2.014
0.267,-0.777,1.108,6.165,2.075,7.874
0.254,-0.756,1.188,3.845,1.282,13.367
0.160,-0.697,1.176,-3.113,1.282,18.433
0.095,-0.716,1.122,-11.414,6.836,25.940
0.092,-0.729,1.138,-19.226,19.287,28.442
0.114,-0.722,1.135,-24.841,30.212,24.292
0.082,-0.738,1.106,-29.297,36.499,18.555
0.105,-0.720,1.149,-34.302,43.457,13.245
0.135,-0.761,1.103,-37.048,47.363,8.545
0.196,-0.819,1.102,-41.016,52.002,4.822
0.258,-0.877,1.116,-47.607,56.396,4.150
0.274,-0.901,1.113,-57.129,60.486,6.714
0.355,-0.888,1.086,-70.007,65.613,12.268
0.420,-0.816,1.096,-83.496,69.519,16.296
0.464,-0.742,1.110,-94.055,69.092,19.653
0.507,-0.690,1.086,-99.121,64.026,22.949
0.505,-0.633,1.056,-99.609,55.786,24.719
0.506,-0.589,1.051,-96.558,46.326,26.428
0.492,-0.612,1.017,-89.722,36.560,29.175
0.439,-0.658,1.017,-82.886,30.029,31.494
0.386,-0.739,0.980,-78.613,28.015,35.339
0.372,-0.797,0.974,-79.468,30.884,39.551
0.406,-0.807,0.969,-84.290,35.217,41.382
0.430,-0.793,0.939,-90.088,36.926,38.696
0.431,-0.704,0.945,-94.543,35.278,32.349
0.424,-0.602,0.930,-95.337,31.250,25.940
0.406,-0.565,0.906,-91.797,27.832,19.775
0.348,-0.558,0.882,-86.670,27.954,14.832
0.394,-0.583,0.950,-83.069,31.982,13.916
0.457,-0.608,0.990,-82.092,34.607,16.602
0.514,-0.683,0.995,-84.778,33.447,24.475
0.502,-0.699,0.953,-94.788,30.884,34.790
0.513,-0.612,0.898,-108.398,29.175,42.358
0.550,-0.483,0.860,-117.859,26.367,42.542
0.552,-0.320,0.799,-119.446,19.470,37.292
0.548,-0.176,0.754,-112.915,10.620,32.532
0.541,-0.074,0.728,-100.586,2.136,30.457
0.495,0.005,0.730,-85.327,-3.967,33.081
0.458,0.052,0.749,-68.726,-7.019,40.649
0.454,0.083,0.793,-52.185,-5.676,49.316
0.438,0.122,0.874,-38.147,-1.038,54.810
0.459,0.151,0.957,-27.161,6.165,55.481
0.484,0.200,1.033,-18.433,13.611,51.758
0.520,0.241,1.098,-12.329,17.822,45.166
0.539,0.255,1.143,-8.240,17.822,35.950
0.521,0.243,1.177,-7.324,18.188,24.292
0.497,0.274,1.183,-10.925,24.414,13.062
0.534,0.360,1.210,-17.151,36.377,5.188
0.608,0.452,1.240,-21.790,49.622,-0.671
0.686,0.510,1.270,-24.170,60.730,-5.005
0.729,0.524,1.288,-26.184,68.359,-7.202
0.782,0.539,1.271,-30.090,73.608,-4.761
0.809,0.552,1.238,-34.424,74.768,0.183
0.785,0.559,1.185,-37.659,71.838,4.456
0.713,0.543,1.098,-38.757,68.115,4.578
0.611,0.513,1.008,-39.246,67.993,1.343
0.510,0.511,0.927,-39.490,73.792,-2.930
0.458,0.535,0.857,-39.185,83.984,-6.897
0.454,0.546,0.817,-36.438,95.215,-11.353
0.438,0.517,0.788,-31.006,103.271,-15.747
0.394,0.474,0.746,-26.184,108.704,-18.860

1.036,-0.415,1.129,-86.121,-75.562,-20.386
0.948,-0.496,1.215,-66.895,-91.919,-33.997
0.875,-0.640,1.382,-44.128,-88.501,-35.400
0.786,-0.802,1.496,-24.475,-66.589,-30.090
0.747,-0.959,1.539,-15.137,-32.837,-25.574
0.820,-1.060,1.523,-18.433,-0.427,-31.494
0.850,-1.065,1.412,-32.104,20.874,-53.589
0.828,-1.014,1.251,-51.331,31.128,-84.045
0.817,-0.914,1.116,-69.580,34.485,-109.680
0.865,-0.761,1.025,-80.017,35.034,-125.061
0.916,-0.614,1.033,-76.416,31.006,-127.930
0.960,-0.553,1.078,-55.725,18.799,-122.742
0.939,-0.651,1.096,-24.597,0.366,-113.159
0.896,-0.894,1.058,3.113,-18.372,-101.013
0.823,-1.108,1.014,18.982,-28.687,-86.487
0.843,-1.241,1.025,21.301,-25.513,-69.763
0.896,-1.224,1.090,13.245,-15.869,-55.420
0.912,-1.135,1.171,3.418,-8.423,-45.837
0.909,-1.085,1.213,-2.075,-4.883,-39.001
0.900,-1.018,1.223,-6.165,-4.639,-34.546
0.864,-0.953,1.191,-7.629,-8.606,-31.189
0.780,-0.891,1.148,-5.066,-15.015,-28.015
0.699,-0.892,1.137,1.831,-19.165,-25.024
0.627,-0.960,1.149,10.925,-19.592,-21.606
0.606,-1.026,1.198,19.104,-17.212,-16.235
0.608,-1.101,1.258,25.146,-15.747,-12.146
0.571,-1.194,1.289,28.076,-15.930,-12.390
0.521,-1.255,1.312,25.879,-12.939,-16.418
0.455,-1.323,1.247,18.188,-3.418,-22.278
0.504,-1.310,1.224,5.859,12.573,-27.832
0.592,-1.164,1.232,-7.874,30.823,-33.142
0.662,-1.099,1.248,-21.057,47.913,-37.109
0.910,-0.943,1.216,-30.273,55.847,-40.710
0.904,-0.852,1.132,-33.508,47.852,-38.452
0.900,-0.730,1.039,-35.278,36.926,-28.625
0.853,-0.631,0.968,-31.067,27.100,-13.672
0.907,-0.560,0.982,-23.193,19.409,1.831
0.904,-0.505,0.944,-14.221,7.446,16.785
0.877,-0.456,0.960,-7.202,-5.493,30.029
0.772,-0.429,0.953,0.122,-18.250,39.551
0.594,-0.412,0.919,6.165,-24.231,45.654
0.549,-0.447,0.916,10.559,-18.188,49.561
0.558,-0.535,0.897,14.221,-6.470,46.326
0.534,-0.502,0.930,14.282,5.737,36.072
0.620,-0.573,0.896,11.902,13.000,29.907
0.612,-0.551,0.900,7.629,16.785,20.081
0.670,-0.581,0.877,2.747,18.616,14.404
0.747,-0.590,0.878,-3.601,18.860,14.771
0.818,-0.551,0.844,-10.864,17.273,20.081
0.845,-0.447,0.830,-16.479,12.756,28.259
0.864,-0.357,0.818,-17.761,4.822,37.048
0.832,-0.301,0.812,-13.123,-4.517,43.457
0.761,-0.279,0.794,-4.089,-13.000,47.852
0.675,-0.315,0.774,6.592,-17.334,50.232
0.614,-0.392,0.775,15.869,-15.198,50.903
0.593,-0.472,0.779,21.118,-8.057,51.086
0.607,-0.510,0.808,21.057,1.038,50.659
0.662,-0.531,0.840,16.907,7.568,49.255
0.725,-0.542,0.866,10.193,8.118,46.875
0.771,-0.537,0.870,2.502,3.235,44.983
0.780,-0.486,0.853,-6.409,-4.517,45.532
0.765,-0.417,0.827,-14.343,-12.451,48.401
0.733,-0.348,0.797,-17.639,-19.165,50.720
0.708,-0.308,0.772,-16.235,-23.193,51.758
0.663,-0.296,0.734,-12.390,-25.146,52.551
0.611,-0.289,0.710,-7.751,-23.193,51.208
0.598,-0.311,0.703,-3.113,-16.296,49.377
0.582,-0.317,0.690,-0.427,-7.935,47.363
0.584,-0.320,0.682,2.014,0.000,43.701
0.602,-0.313,0.692,3.113,5.920,38.635
0.579,-0.270,0.695,3.967,8.484,34.119
0.590,-0.253,0.721,5.737,8.728,31.006
0.609,-0.242,0.746,6.592,7.446,29.175
0.643,-0.239,0.769,5.493,4.700,29.175
0.673,-0.218,0.771,2.136,0.183,30.945
0.685,-0.187,0.764,-1.648,-5.432,32.776
0.695,-0.129,0.757,-4.211,-10.437,33.691
0.729,-0.072,0.758,-4.639,-13.733,34.607
0.737,-0.031,0.754,-2.808,-15.991,35.583
0.702,0.008,0.761,0.854,-15.869,36.194
0.667,0.019,0.760,5.554,-12.939,37.781
0.640,0.026,0.805,9.033,-7.263,39.917
0.674,-0.019,0.860,11.108,-1.343,42.480
0.707,-0.073,0.909,8.484,0.793,45.166
0.696,-0.079,0.932,-0.305,0.488,46.936
0.691,-0.047,0.919,-12.207,-0.854,46.387
0.695,0.001,0.913,-22.827,-1.892,42.236
0.709,0.063,0.918,-30.579,-2.197,35.278
0.703,0.130,0.900,-36.133,-1.343,29.114
0.721,0.178,0.858,-38.208,-0.305,26.062
0.686,0.222,0.822,-38.025,0.183,25.818
0.662,0.271,0.800,-34.729,1.648,25.818
0.653,0.291,0.801,-28.625,4.761,25.879
0.625,0.282,0.800,-20.569,9.399,26.367
0.610,0.246,0.801,-11.902,15.564,26.855
0.607,0.209,0.798,-4.456,22.827,26.489
0.611,0.177,0.804,1.160,28.687,25.452
0.607,0.153,0.816,4.395,31.494,23.132
0.614,0.137,0.818,5.249,32.166,20.630
0.608,0.153,0.814,4.333,31.250,18.127
0.607,0.175,0.799,3.723,29.602,15.198
0.610,0.186,0.782,4.822,28.503,11.780
0.615,0.154,0.772,6.714,28.748,8.118
0.627,0.108,0.772,7.263,30.945,6.226
0.662,0.077,0.775,4.089,34.851,6.592
0.693,0.080,0.776,-1.465,36.987,8.301
0.724,0.097,0.773,-7.690,35.767,9.888
0.744,0.121,0.767,-12.939,31.311,10.498
0.739,0.151,0.759,-17.029,24.292,10.315
0.711,0.172,0.746,-20.142,16.907,9.583
0.701,0.196,0.681,-21.667,12.268,9.949
0.678,0.222,0.643,-19.714,8.850,11.353
0.662,0.263,0.624,-15.015,6.226,11.719
0.629,0.281,0.606,-8.301,4.089,10.681
0.601,0.281,0.590,-0.732,2.380,8.118
0.578,0.259,0.577,7.324,0.916,4.333
0.550,0.244,0.565,14.099,-0.366,-0.427
0.511,0.234,0.550,19.958,-1.038,-5.981
0.474,0.200,0.527,24.719,0.000,-11.414

0.270,-1.587,1.735,25.391,-146.973,10.376
0.379,-1.741,1.941,60.669,-128.845,-13.062
0.377,-1.907,1.964,98.511,-104.736,-43.518
0.420,-2.118,2.099,134.277,-66.040,-74.341
0.498,-2.432,2.054,154.297,-19.653,-104.431
0.678,-2.667,2.026,142.578,32.776,-129.150
0.951,-2.601,1.962,92.224,76.233,-148.621
1.126,-2.215,1.792,22.827,92.590,-166.443
1.179,-1.631,1.589,-39.978,86.670,-175.598
1.159,-1.196,1.484,-80.750,69.092,-169.495
1.109,-0.816,1.400,-99.121,47.302,-149.048
1.047,-0.590,1.337,-94.482,22.400,-119.019
0.947,-0.540,1.245,-74.219,-5.981,-83.984
0.771,-0.586,1.159,-48.523,-32.715,-48.523
0.557,-0.677,1.117,-24.475,-51.453,-18.433
0.359,-0.763,1.077,-4.822,-59.814,4.700
0.247,-0.828,1.090,8.545,-58.777,21.179
0.221,-0.923,1.164,17.395,-54.321,30.640
0.259,-0.995,1.243,19.653,-51.514,38.452
0.295,-1.023,1.319,15.564,-55.664,49.316
0.273,-1.033,1.350,10.315,-66.528,58.838
0.198,-1.037,1.361,8.606,-76.721,61.218
0.115,-1.086,1.346,12.756,-79.712,55.542
0.041,-1.154,1.303,20.752,-72.449,43.884
-0.015,-1.179,1.267,27.466,-53.284,28.931
-0.035,-1.132,1.221,30.151,-24.597,14.893
0.030,-1.035,1.189,26.733,8.240,4.700
0.186,-0.900,1.195,17.273,37.598,-2.258
0.356,-0.668,1.221,5.981,54.260,-8.606
0.366,-0.424,1.209,-2.686,56.824,-14.709
0.451,-0.412,1.101,-8.972,51.392,-14.221
0.391,-0.268,1.182,-11.902,41.504,-13.611
0.506,-0.293,1.162,-13.611,27.039,-8.667
0.371,-0.309,1.009,-14.038,7.385,-10.193
0.280,-0.279,0.995,-16.907,-2.502,-9.460
0.150,-0.261,0.833,-17.883,-5.676,-11.902
0.004,-0.261,0.678,-18.616,9.766,-15.015
0.250,-0.163,0.889,-17.212,36.560,-24.170
0.334,-0.166,0.792,-8.728,43.640,-35.217
0.457,-0.130,0.906,-6.287,47.974,-37.720
0.495,-0.084,0.938,-4.150,40.710,-35.767
0.509,-0.055,0.994,-1.282,27.527,-28.748
0.548,-0.058,1.018,0.793,11.780,-19.104
0.551,-0.093,1.030,2.380,-4.211,-9.766
0.533,-0.143,1.020,1.404,-19.531,-1.587
0.476,-0.170,0.996,-2.380,-31.128,5.371
0.393,-0.157,0.994,-7.019,-35.706,11.902
0.335,-0.147,0.948,-10.925,-33.325,18.188
0.306,-0.137,0.929,-14.343,-25.513,23.071
0.311,-0.120,0.947,-15.869,-15.503,25.513
0.345,-0.120,0.983,-15.564,-8.301,25.513
0.398,-0.119,0.998,-14.099,-5.981,23.499
0.413,-0.125,1.004,-12.634,-7.935,22.339
0.387,-0.151,1.001,-11.292,-9.644,22.705
0.356,-0.187,1.026,-9.827,-7.141,23.376
0.349,-0.240,1.045,-8.728,-1.404,22.888
0.371,-0.272,1.083,-8.911,6.042,21.240
0.394,-0.338,1.101,-10.925,11.841,20.203
0.417,-0.349,1.125,-14.893,15.686,19.348
0.437,-0.348,1.116,-21.179,16.052,19.836
0.466,-0.316,1.115,-27.466,13.733,21.179
0.459,-0.292,1.101,-31.982,8.362,22.888
0.436,-0.256,1.078,-34.485,2.075,23.804
0.413,-0.232,1.063,-34.546,-2.808,24.963
0.380,-0.221,1.041,-32.227,-5.737,25.696
0.330,-0.218,1.016,-29.053,-6.775,26.306
0.290,-0.212,1.000,-26.123,-5.310,25.574
0.275,-0.221,0.983,-23.499,-1.953,23.621
0.268,-0.230,0.973,-21.362,2.930,19.104
0.265,-0.241,0.953,-20.935,8.972,13.733
0.281,-0.227,0.917,-23.499,16.296,9.949
0.320,-0.194,0.891,-28.992,23.804,9.155
0.361,-0.149,0.886,-33.936,30.273,9.888
0.416,-0.102,0.910,-36.011,34.973,12.024
0.489,-0.084,0.946,-35.034,35.889,15.747
0.536,-0.091,0.989,-31.921,31.616,21.057
0.552,-0.116,1.022,-27.771,23.254,27.222
0.546,-0.139,1.042,-24.597,13.245,33.691
0.520,-0.171,1.051,-21.240,3.601,38.757
0.465,-0.224,1.046,-18.616,-3.357,42.175
0.400,-0.282,1.017,-17.883,-5.859,42.786
0.343,-0.333,0.992,-19.226,-3.784,40.100
0.318,-0.360,0.968,-21.851,2.686,34.790
0.318,-0.354,0.952,-25.269,12.146,28.809
0.321,-0.326,0.938,-28.442,21.118,23.010
0.347,-0.276,0.918,-31.433,28.870,19.531
0.399,-0.223,0.906,-32.410,33.875,19.104
0.417,-0.215,0.915,-30.823,35.339,20.081
0.415,-0.238,0.905,-29.907,34.607,24.719
0.466,-0.236,0.913,-31.921,32.227,32.043
0.492,-0.209,0.928,-33.447,25.818,37.048
0.485,-0.203,0.919,-33.447,15.747,37.537
0.485,-0.190,0.886,-33.264,4.944,36.621
0.446,-0.133,0.839,-31.372,-2.808,33.630
0.395,-0.083,0.813,-25.757,-4.883,26.550
0.323,-0.054,0.790,-18.066,0.122,16.968
0.277,-0.009,0.787,-9.277,13.367,7.935
0.293,0.023,0.835,0.977,31.433,1.526
0.338,0.016,0.906,12.024,48.462,-2.136
0.436,-0.026,0.968,21.973,59.509,-3.174
0.512,-0.043,1.032,27.466,61.584,-4.272
0.551,-0.033,1.089,28.809,55.115,-6.226
0.582,-0.022,1.109,28.076,41.931,-6.287
0.583,-0.020,1.097,26.733,25.574,-4.822
0.529,-0.021,1.054,25.818,9.583,-4.944
0.434,0.025,1.009,25.574,-0.549,-6.836
0.369,0.069,1.000,26.428,-2.686,-8.057
0.354,0.058,1.016,28.259,0.488,-7.568
0.371,0.032,1.031,29.724,6.775,-5.981
0.395,0.017,1.051,30.396,13.062,-5.188
0.412,-0.001,1.077,30.640,17.334,-6.165
0.450,-0.033,1.083,30.090,18.433,-8.545
0.479,-0.043,1.068,26.855,16.968,-11.414
0.486,-0.023,1.045,22.522,14.404,-14.404
0.488,0.012,1.024,19.287,12.756,-17.456
0.480,0.043,1.024,18.005,13.428,-20.325
0.497,0.076,1.054,18.066,16.113,-21.545
0.524,0.083,1.096,19.775,19.287,-20.935
0.530,0.061,1.117,20.996,21.240,-18.860

0.448,1.685,-0.531,55.725,-78.491,-41.382
0.433,1.739,-0.505,71.594,-95.398,-30.823
0.396,1.769,-0.459,86.487,-110.229,-17.395
0.379,1.735,-0.393,100.647,-122.437,-4.333
0.382,1.613,-0.303,112.122,-132.202,6.897
0.327,1.505,-0.210,117.432,-142.578,14.893
0.246,1.412,-0.082,116.638,-152.405,17.822
0.176,1.249,0.046,111.206,-161.011,16.968
0.089,1.092,0.182,100.830,-165.222,11.292
-0.064,0.952,0.341,83.313,-158.142,3.479
-0.142,0.759,0.521,56.763,-137.695,3.052
-0.098,0.558,0.736,22.400,-108.337,9.766
-0.005,0.328,1.026,-13.916,-79.224,16.235
0.131,0.060,1.271,-49.500,-59.753,21.851
0.314,-0.247,1.456,-81.665,-56.030,27.588
0.423,-0.490,1.542,-108.276,-70.984,29.175
0.450,-0.700,1.568,-123.230,-101.501,28.992
0.435,-0.901,1.585,-121.460,-141.357,27.588
0.303,-1.056,1.606,-101.257,-181.641,22.095
0.109,-1.268,1.615,-64.392,-209.839,10.925
-0.072,-1.452,1.745,-15.625,-216.248,-4.333
-0.319,-1.763,1.775,39.612,-199.646,-19.531
-0.399,-1.913,1.908,92.896,-155.701,-39.246
-0.371,-2.122,2.029,134.521,-97.839,-59.937
-0.289,-2.315,2.146,156.799,-37.109,-87.097
-0.107,-2.418,2.133,155.273,15.320,-119.629
-0.010,-2.355,1.918,131.409,55.603,-158.325
0.093,-2.040,1.693,92.346,93.140,-197.754
0.319,-1.654,1.472,51.514,127.747,-225.464
0.559,-1.281,1.372,21.057,156.250,-240.417
0.812,-0.908,1.300,0.671,173.523,-237.244
1.056,-0.580,1.280,-8.789,172.302,-214.844
1.254,-0.378,1.305,-11.536,148.621,-173.889
1.307,-0.304,1.355,-10.620,102.173,-118.591
1.187,-0.382,1.380,-10.681,39.734,-55.420
0.985,-0.517,1.323,-14.343,-26.184,6.287
0.685,-0.619,1.229,-22.339,-85.266,59.570
0.377,-0.693,1.175,-32.227,-129.700,101.563
0.099,-0.797,1.123,-39.917,-159.607,129.883
-0.177,-0.967,1.109,-41.565,-174.377,141.296
-0.395,-1.228,1.188,-33.813,-171.814,137.268
-0.497,-1.604,1.320,-14.954,-154.724,119.995
-0.605,-1.949,1.448,8.667,-124.756,90.698
-0.641,-2.187,1.521,25.208,-81.909,59.509
-0.531,-2.232,1.439,22.278,-31.677,35.889
-0.301,-2.001,1.302,-0.427,18.372,19.470
-0.086,-1.577,1.125,-33.997,60.303,7.874
0.103,-1.101,0.983,-62.683,86.426,2.686
0.260,-0.702,0.945,-78.308,93.201,5.981
0.358,-0.372,0.935,-80.017,80.688,16.113
0.386,-0.130,0.936,-67.749,52.368,29.236
0.336,-0.002,0.917,-45.654,15.625,41.687
0.189,-0.012,0.810,-20.203,-18.921,48.523
0.026,-0.016,0.807,3.296,-40.527,45.959
-0.076,-0.029,0.800,22.644,-49.805,35.461
-0.149,-0.107,0.773,38.330,-47.791,17.883
-0.231,-0.151,0.792,45.959,-30.823,-2.502
-0.232,-0.216,0.829,45.593,-4.272,-19.043
-0.179,-0.204,0.879,38.086,28.687,-28.687
0.028,-0.203,0.954,28.198,57.434,-30.029
0.190,-0.133,1.039,17.273,71.716,-28.381
0.359,-0.103,1.060,9.338,68.970,-21.118
0.400,-0.091,1.099,5.859,52.002,-14.404
0.399,-0.083,1.103,5.005,29.114,-7.263
0.365,-0.125,1.069,6.042,5.920,1.099
0.292,-0.169,1.038,6.348,-10.437,9.827
0.216,-0.211,1.030,5.676,-18.311,18.005
0.180,-0.233,1.053,3.601,-17.883,24.109
0.167,-0.250,1.078,2.075,-12.451,28.320
0.142,-0.271,1.117,0.671,-5.432,30.640
0.155,-0.318,1.151,-0.488,1.648,31.189
0.179,-0.365,1.177,-2.869,6.470,29.541
0.179,-0.390,1.185,-6.958,8.240,25.208
0.145,-0.396,1.161,-11.597,9.216,19.653
0.122,-0.389,1.130,-15.808,12.695,14.038
0.124,-0.375,1.115,-19.714,19.226,9.094
0.142,-0.354,1.121,-21.423,26.917,3.967
0.173,-0.329,1.119,-21.240,33.569,-0.122
0.196,-0.314,1.109,-19.592,38.452,-2.808
0.219,-0.291,1.109,-16.968,42.725,-3.601
0.249,-0.268,1.097,-14.343,45.715,-2.014
0.281,-0.248,1.091,-12.695,47.852,2.991
0.303,-0.234,1.068,-11.414,49.316,9.277
0.313,-0.250,1.077,-10.803,51.758,15.625
0.339,-0.259,1.096,-11.597,54.932,20.813
0.378,-0.295,1.087,-12.939,56.091,25.391
0.416,-0.356,1.088,-16.785,55.664,29.114
0.398,-0.367,1.077,-22.827,52.979,30.457
0.396,-0.384,1.073,-27.527,48.401,31.006
0.412,-0.389,1.060,-30.884,42.969,29.663
0.407,-0.400,1.028,-31.677,38.025,28.015
0.362,-0.405,0.989,-31.372,36.194,27.100
0.333,-0.435,0.988,-30.273,38.147,27.466
0.336,-0.481,0.974,-30.823,43.213,30.273
0.367,-0.504,0.975,-33.142,48.706,35.156
0.400,-0.515,0.984,-36.743,51.453,39.246
0.432,-0.532,0.994,-41.077,50.598,42.114
0.456,-0.553,1.006,-46.509,44.556,44.556
0.428,-0.580,1.022,-53.772,34.607,47.058
0.379,-0.580,1.002,-63.538,26.306,51.758
0.374,-0.531,0.976,-74.829,22.461,56.885
0.380,-0.492,0.954,-85.022,20.996,58.167
0.368,-0.464,0.957,-93.811,21.240,54.443
0.362,-0.442,0.926,-101.135,21.912,50.110
0.361,-0.443,0.870,-106.445,24.170,47.058
0.305,-0.391,0.799,-111.694,30.457,42.847
0.312,-0.326,0.812,-115.967,41.992,41.016
0.351,-0.242,0.777,-118.958,53.406,42.419
0.425,-0.092,0.758,-118.408,60.730,45.776
0.497,0.072,0.768,-112.000,58.411,46.997
0.536,0.127,0.789,-98.877,46.814,44.373
0.537,0.102,0.773,-82.886,29.907,38.513
0.451,0.085,0.748,-68.726,14.526,30.823
0.388,0.106,0.760,-58.655,6.775,21.545
0.358,0.113,0.800,-50.659,7.568,12.451
0.360,0.162,0.856,-44.800,15.930,5.005
0.454,0.240,0.922,-40.894,27.222,1.038
0.567,0.294,0.958,-36.011,33.203,-1.709
0.596,0.331,0.986,-30.701,31.677,-6.714

-0.136,2.335,-0.254,52.856,-58.777,40.466
-0.107,2.340,-0.255,56.396,-77.393,46.875
-0.069,2.253,-0.305,57.007,-99.915,45.410
-0.089,2.120,-0.394,53.528,-121.399,33.020
-0.138,1.997,-0.490,46.204,-136.536,15.991
-0.180,1.896,-0.521,36.133,-142.395,0.977
-0.177,1.727,-0.510,29.907,-139.343,-11.047
-0.187,1.492,-0.434,31.494,-129.639,-23.865
-0.195,1.196,-0.243,42.603,-116.272,-36.316
-0.183,0.819,0.049,61.218,-100.220,-45.654
-0.011,0.349,0.499,82.642,-86.548,-49.072
0.309,-0.193,1.038,97.656,-79.102,-42.603
0.542,-0.785,1.488,98.633,-84.351,-25.757
0.587,-1.342,1.802,74.890,-102.966,-6.287
0.582,-1.826,2.092,25.818,-124.756,15.686
0.650,-2.274,2.408,-23.193,-144.043,33.630
0.439,-2.584,2.532,-52.490,-159.607,24.475
0.142,-2.506,2.543,-61.584,-160.767,-10.864
-0.049,-2.241,2.512,-50.781,-138.977,-49.011
-0.150,-2.049,2.411,-26.367,-95.886,-89.111
-0.122,-1.986,2.254,-1.282,-38.330,-127.014
0.027,-1.913,2.105,19.287,21.606,-158.508
0.186,-1.937,1.890,27.893,74.646,-181.458
0.360,-1.938,1.713,22.095,117.615,-199.890
0.548,-1.881,1.553,5.432,145.691,-208.801
0.771,-1.758,1.439,-17.822,158.508,-207.947
0.996,-1.517,1.418,-39.368,155.640,-200.684
1.129,-1.245,1.346,-50.781,134.399,-185.669
1.180,-0.949,1.312,-51.758,101.746,-158.936
1.137,-0.735,1.256,-43.396,58.594,-117.188
1.016,-0.666,1.173,-28.198,9.216,-65.063
0.865,-0.712,1.114,-12.085,-41.077,-8.850
0.675,-0.837,1.055,0.977,-92.773,45.776
0.457,-0.981,1.015,7.751,-142.822,92.529
0.198,-1.072,0.968,8.301,-188.110,125.244
-0.090,-1.109,0.917,6.165,-224.548,141.052
-0.321,-1.165,0.817,3.967,-247.864,142.578
-0.543,-1.160,0.695,1.160,-253.296,130.005
-0.732,-1.088,0.645,-2.502,-237.305,108.093
-0.852,-1.007,0.635,-3.723,-203.003,82.581
-0.901,-0.935,0.675,-2.991,-153.687,56.213
-0.822,-0.853,0.745,-1.465,-96.069,33.081
-0.647,-0.799,0.823,0.000,-39.429,13.245
-0.493,-0.792,0.903,2.136,8.240,-4.517
-0.305,-0.827,0.981,3.235,45.349,-17.456
-0.118,-0.910,1.085,3.418,70.374,-24.902
0.029,-1.040,1.199,1.709,80.566,-27.405
0.105,-1.178,1.281,0.061,76.599,-28.137
0.112,-1.301,1.327,-1.770,64.270,-28.259
0.088,-1.388,1.322,-3.906,50.659,-27.893
0.039,-1.406,1.274,-7.996,39.978,-27.771
0.010,-1.290,1.222,-16.541,35.217,-27.893
0.048,-1.102,1.163,-29.297,33.203,-26.306
0.109,-0.886,1.125,-41.321,31.555,-22.095
0.149,-0.636,1.013,-50.232,29.053,-15.808
0.265,-0.431,1.072,-54.749,25.208,-7.202
0.282,-0.229,0.996,-52.429,11.169,1.892
0.326,-0.114,1.053,-46.875,-3.052,15.137
0.342,-0.116,1.001,-35.706,-24.170,25.757
0.256,-0.086,0.987,-24.780,-42.969,30.945
0.138,-0.098,0.917,-15.442,-56.091,35.889
0.021,-0.090,0.898,-7.812,-57.373,37.476
-0.049,-0.090,0.860,-0.183,-48.096,35.828
-0.113,-0.086,0.865,7.202,-29.846,30.273
-0.091,-0.121,0.886,13.428,-7.446,22.888
-0.034,-0.150,0.920,16.541,13.611,14.343
0.039,-0.137,0.967,15.625,29.602,7.080
0.117,-0.102,1.007,11.841,38.147,2.991
0.186,-0.078,1.040,8.240,39.307,1.282
0.221,-0.056,1.060,5.310,34.607,1.343
0.239,-0.053,1.079,3.540,26.672,3.845
0.236,-0.077,1.085,2.258,16.968,8.362
0.219,-0.111,1.080,0.305,7.996,13.855
0.195,-0.154,1.070,-2.991,1.526,19.775
0.180,-0.187,1.060,-8.118,-2.014,25.269
0.166,-0.201,1.044,-14.160,-3.174,28.931
0.156,-0.204,1.025,-19.226,-2.441,30.518
0.145,-0.202,1.012,-22.217,-0.244,30.701
0.118,-0.205,1.003,-22.705,3.113,29.602
0.103,-0.218,1.011,-20.752,7.812,27.405
0.098,-0.242,1.028,-16.724,12.939,23.926
0.091,-0.269,1.041,-12.756,18.066,19.653
0.112,-0.296,1.060,-9.338,22.644,15.381
0.144,-0.338,1.057,-7.935,25.513,12.207
0.143,-0.362,1.039,-9.094,27.405,8.972
0.146,-0.327,1.054,-11.963,29.480,5.554
0.163,-0.318,1.037,-13.733,30.457,3.174
0.174,-0.281,1.043,-15.503,31.494,0.793
0.187,-0.256,1.030,-16.846,31.677,-0.427
0.212,-0.188,1.049,-17.151,31.677,-1.282
0.206,-0.233,0.986,-16.907,31.189,-0.793
0.212,-0.182,1.040,-18.005,34.241,-2.380
0.225,-0.213,0.995,-18.860,35.706,-1.770
0.245,-0.203,1.023,-21.362,39.673,-2.258
0.250,-0.225,0.990,-23.499,41.687,-2.502
0.251,-0.185,1.016,-25.940,44.312,-2.502
0.282,-0.199,1.014,-27.283,45.349,-0.183
0.331,-0.200,1.055,-27.466,45.044,1.892
0.370,-0.228,1.085,-27.100,39.917,5.249
0.377,-0.267,1.071,-27.588,31.494,9.033
0.350,-0.295,1.050,-29.297,23.987,13.184
0.299,-0.319,1.027,-31.372,19.592,16.663
0.255,-0.325,1.000,-32.288,18.921,18.494
0.220,-0.315,0.981,-32.654,21.606,18.982
0.207,-0.318,0.969,-32.166,26.428,18.799
0.217,-0.323,0.974,-30.823,31.128,17.578
0.236,-0.325,0.991,-28.320,33.508,17.273
0.241,-0.324,1.007,-24.475,32.959,17.578
0.251,-0.318,1.038,-20.081,30.701,18.127
0.295,-0.330,1.072,-15.442,26.245,19.409
0.316,-0.337,1.104,-12.085,19.226,20.935
0.321,-0.345,1.127,-9.216,10.742,21.240
0.302,-0.372,1.126,-7.019,2.563,20.508
0.270,-0.392,1.106,-7.080,-2.808,18.311
0.247,-0.384,1.077,-10.071,-3.418,14.832
0.218,-0.337,1.038,-13.367,0.244,9.705
0.181,-0.264,1.013,-16.479,8.423,4.639
0.189,-0.204,1.003,-18.677,18.066,1.526
0.208,-0.155,0.996,-19.531,25.452,0.244

-0.662,-1.550,0.943,53.772,-137.695,6.409
-0.556,-1.854,1.213,6.958,-111.877,4.395
-0.348,-2.051,1.555,-26.794,-97.717,-8.850
-0.170,-2.073,1.948,-35.645,-101.868,-24.353
-0.256,-2.011,2.176,-18.433,-122.925,-37.842
-0.450,-1.940,2.193,9.521,-144.592,-45.776
-0.575,-1.835,2.056,33.325,-145.508,-48.767
-0.687,-1.852,1.906,47.180,-118.774,-58.167
-0.704,-1.911,1.787,46.326,-67.261,-78.064
-0.615,-1.915,1.688,28.992,-1.465,-102.173
-0.449,-1.886,1.606,1.648,65.735,-123.352
-0.231,-1.817,1.516,-27.649,120.483,-137.634
0.031,-1.759,1.424,-52.490,154.236,-145.020
0.238,-1.580,1.390,-68.481,165.039,-152.039
0.419,-1.380,1.328,-75.256,153.809,-154.114
0.511,-1.278,1.153,-72.876,128.296,-149.719
0.506,-1.035,1.097,-69.031,103.882,-141.785
0.541,-0.935,0.982,-62.866,80.139,-121.643
0.561,-0.795,0.902,-56.458,60.425,-98.328
0.543,-0.730,0.818,-49.255,40.527,-70.923
0.489,-0.711,0.763,-43.213,19.470,-40.405
0.368,-0.684,0.738,-37.598,-1.221,-7.446
0.272,-0.654,0.792,-31.616,-20.630,25.513
0.255,-0.594,0.954,-23.926,-44.434,57.068
0.242,-0.668,0.865,-14.160,-81.116,81.543
-0.067,-0.726,0.773,-8.789,-114.136,91.736
-0.401,-0.603,0.800,-9.155,-126.526,93.933
-0.578,-0.683,0.814,-9.033,-116.943,96.191
-0.658,-0.717,0.840,-13.000,-88.806,91.064
-0.610,-0.630,0.937,-23.682,-51.941,82.581
-0.540,-0.550,1.003,-35.095,-19.775,73.730
-0.467,-0.475,1.070,-41.199,3.052,61.707
-0.437,-0.518,1.163,-38.818,16.479,48.706
-0.406,-0.753,1.308,-27.527,22.522,37.231
-0.323,-1.181,1.481,-6.287,22.583,22.705
-0.309,-1.680,1.621,21.729,21.973,1.160
-0.360,-1.975,1.660,46.509,30.884,-23.987
-0.282,-2.028,1.615,58.289,52.063,-45.349
-0.120,-1.849,1.464,49.377,79.834,-59.021
0.054,-1.510,1.288,21.301,108.276,-62.561
0.238,-1.025,1.090,-15.015,128.113,-52.917
0.436,-0.568,0.998,-43.457,130.676,-34.485
0.569,-0.219,1.057,-55.969,109.619,-12.024
0.595,0.021,0.970,-52.429,64.087,13.489
0.397,0.105,0.847,-38.025,11.292,40.405
0.265,0.044,0.842,-20.630,-31.067,64.209
0.052,0.020,0.742,-0.610,-63.721,73.547
-0.127,-0.014,0.766,15.381,-78.064,75.745
-0.216,-0.069,0.687,28.503,-78.369,70.251
-0.375,-0.089,0.681,40.588,-62.378,52.917
-0.465,-0.104,0.761,49.805,-32.349,31.372
-0.432,-0.221,0.792,57.312,2.258,12.329
-0.346,-0.310,0.854,58.105,38.635,-4.517
-0.197,-0.302,0.963,49.927,68.542,-15.137
-0.014,-0.279,1.031,38.208,83.313,-16.052
0.132,-0.240,1.081,25.513,82.336,-11.169
0.207,-0.186,1.099,15.137,68.054,-4.761
0.215,-0.167,1.067,9.277,45.959,2.808
0.168,-0.181,1.039,7.080,25.208,11.719
0.116,-0.216,1.028,6.470,10.376,20.203
0.056,-0.255,1.025,6.531,2.930,25.940
0.019,-0.307,1.020,6.958,1.404,28.564
-0.010,-0.346,1.053,7.263,4.333,28.931
-0.014,-0.431,1.046,7.446,8.789,28.015
-0.041,-0.476,1.071,6.653,15.686,22.949
-0.029,-0.520,1.057,4.944,22.766,16.663
0.001,-0.550,1.081,2.930,30.701,10.132
0.064,-0.564,1.106,0.183,36.926,4.944
0.101,-0.572,1.120,-2.136,38.879,0.366
0.105,-0.556,1.113,-4.089,37.720,-3.296
0.081,-0.526,1.100,-5.432,35.828,-5.737
0.082,-0.496,1.090,-6.042,35.583,-6.897
0.084,-0.458,1.079,-5.066,36.804,-7.690
0.082,-0.434,1.074,-3.235,38.940,-8.545
0.086,-0.424,1.067,-1.587,41.687,-9.766
0.101,-0.426,1.056,-1.221,44.495,-10.925
0.124,-0.416,1.051,-3.967,47.302,-11.169
0.167,-0.413,1.045,-10.132,48.584,-8.118
0.215,-0.396,1.032,-19.653,47.363,-2.808
0.222,-0.341,1.010,-30.945,42.908,2.686
0.199,-0.271,0.990,-40.405,37.292,7.629
0.188,-0.248,0.962,-45.410,32.166,11.780
0.167,-0.254,0.943,-46.875,28.198,13.916
0.153,-0.266,0.927,-46.082,25.330,13.855
0.139,-0.283,0.905,-44.739,24.170,12.390
0.142,-0.298,0.890,-43.396,25.635,10.376
0.162,-0.318,0.885,-42.664,28.198,9.094
0.183,-0.336,0.897,-42.358,31.128,8.606
0.227,-0.356,0.926,-43.213,33.569,11.108
0.270,-0.376,0.971,-44.861,34.058,16.296
0.295,-0.411,1.014,-46.448,31.738,22.949
0.298,-0.453,1.065,-48.340,27.161,29.480
0.292,-0.511,1.093,-51.758,22.217,35.461
0.283,-0.521,1.121,-56.396,19.043,37.781
0.271,-0.562,1.130,-60.303,17.151,36.011
0.242,-0.597,1.112,-63.538,17.151,30.945
0.271,-0.649,1.109,-68.054,20.508,27.527
0.288,-0.675,1.112,-73.059,24.841,25.085
0.276,-0.684,1.068,-79.102,30.823,25.696
0.296,-0.593,1.038,-84.351,38.330,29.602
0.343,-0.485,1.047,-84.229,43.396,34.607
0.394,-0.405,1.075,-77.026,39.429,37.170
0.375,-0.371,1.055,-65.186,27.344,35.950
0.347,-0.364,1.037,-52.002,13.916,32.593
0.327,-0.407,1.036,-39.368,3.235,28.076
0.264,-0.454,1.022,-29.785,-2.197,22.461
0.259,-0.475,1.022,-25.146,0.488,18.921
0.292,-0.443,1.053,-24.536,10.742,16.724
0.351,-0.388,1.067,-25.452,23.926,14.526
0.404,-0.325,1.084,-26.611,37.170,11.353
0.435,-0.240,1.087,-27.466,48.279,9.155
0.493,-0.156,1.104,-27.649,56.091,8.850
0.531,-0.074,1.108,-26.917,58.044,8.911
0.553,-0.074,1.088,-24.658,53.162,8.301
0.551,-0.028,1.101,-22.217,45.837,6.409
0.543,-0.042,1.086,-21.484,37.354,7.019
0.539,-0.036,1.064,-22.400,29.236,8.179
0.509,0.007,1.031,-25.391,24.109,9.216
0.484,0.035,0.971,-27.283,21.423,9.766

-0.292,-1.661,1.331,-74.097,-220.032,36.133
-0.491,-1.889,1.608,-11.169,-211.304,24.658
-0.559,-2.179,1.946,62.012,-185.486,7.812
-0.470,-2.622,2.162,130.005,-146.240,-19.226
-0.428,-3.033,2.191,170.410,-99.426,-66.772
-0.415,-3.189,2.083,168.579,-44.434,-130.249
-0.318,-3.095,1.805,132.996,14.526,-195.435
-0.141,-2.739,1.542,81.482,80.750,-250.732
0.156,-2.246,1.369,29.419,147.888,-284.607
0.520,-1.722,1.327,-10.864,201.660,-292.908
0.861,-1.256,1.308,-34.912,227.112,-280.823
1.128,-0.908,1.304,-43.213,217.773,-253.418
1.278,-0.689,1.304,-40.710,176.331,-215.759
1.259,-0.548,1.280,-30.579,112.244,-172.302
1.085,-0.483,1.236,-15.625,42.236,-126.099
0.835,-0.546,1.178,-2.258,-18.372,-73.242
0.572,-0.723,1.108,3.662,-64.392,-16.968
0.339,-0.891,1.030,-0.488,-95.825,31.555
0.089,-1.015,0.977,-13.489,-113.037,66.956
-0.132,-1.100,0.926,-30.579,-120.422,86.792
-0.323,-1.072,0.860,-48.340,-119.629,91.675
-0.492,-0.970,0.790,-60.059,-110.229,84.167
-0.599,-0.868,0.755,-60.852,-91.858,69.092
-0.622,-0.846,0.764,-50.659,-65.857,50.720
-0.622,-0.920,0.839,-33.020,-35.217,30.518
-0.589,-1.058,1.003,-10.437,-2.930,9.094
-0.467,-1.234,1.203,12.207,30.334,-9.705
-0.330,-1.384,1.356,29.968,60.974,-22.827
-0.150,-1.441,1.479,36.316,85.815,-27.466
0.056,-1.423,1.607,27.710,98.511,-23.315
0.218,-1.299,1.655,5.432,92.529,-11.780
0.297,-1.077,1.632,-22.278,66.589,1.831
0.304,-0.830,1.542,-48.279,28.076,14.893
0.221,-0.614,1.366,-66.345,-13.611,25.452
0.035,-0.418,1.134,-73.364,-45.898,31.799
-0.073,-0.260,0.942,-70.496,-59.570,34.790
-0.080,-0.232,0.928,-58.838,-56.885,35.461
-0.044,-0.182,0.790,-41.687,-47.729,29.724
-0.113,-0.173,0.763,-24.597,-30.579,20.752
-0.064,-0.130,0.827,-12.878,-7.324,14.282
0.032,-0.188,0.878,-2.014,12.329,10.193
0.043,-0.204,0.876,4.517,27.527,5.005
0.089,-0.182,0.981,4.883,41.321,4.944
0.218,-0.214,1.079,3.418,47.302,9.888
0.312,-0.198,1.111,-0.549,40.466,14.465
0.328,-0.168,1.153,-6.714,23.743,18.372
0.254,-0.120,1.114,-13.000,2.869,21.362
0.166,-0.140,1.072,-18.066,-12.634,25.269
0.105,-0.153,1.035,-22.766,-19.226,26.917
0.059,-0.165,1.004,-26.367,-16.602,25.818
0.038,-0.163,0.975,-29.785,-7.874,23.315
0.041,-0.157,0.967,-32.593,4.272,21.301
0.074,-0.145,0.972,-34.546,16.296,21.057
0.117,-0.135,0.984,-35.583,25.208,22.461
0.160,-0.133,1.001,-34.058,29.053,24.353
0.192,-0.161,1.031,-30.273,27.710,26.123
0.187,-0.190,1.060,-25.757,22.827,26.184
0.166,-0.225,1.089,-21.790,16.541,25.330
0.156,-0.269,1.120,-19.226,11.475,24.536
0.137,-0.296,1.133,-19.348,8.789,23.254
0.109,-0.315,1.139,-20.752,9.094,20.813
0.096,-0.313,1.135,-24.109,13.489,17.456
0.110,-0.282,1.134,-28.137,20.813,13.428
0.137,-0.231,1.141,-31.250,28.076,9.583
0.187,-0.193,1.153,-32.471,33.630,7.996
0.227,-0.125,1.148,-32.898,35.950,9.033
0.280,-0.127,1.136,-32.349,34.485,13.245
0.277,-0.135,1.110,-31.555,30.029,17.151
0.218,-0.137,1.058,-32.227,27.222,19.592
0.185,-0.107,1.047,-33.081,27.100,20.874
0.191,-0.078,1.028,-34.241,29.175,20.142
0.235,-0.081,1.035,-35.156,30.457,19.592
0.175,-0.175,0.954,-36.865,30.640,16.541
0.210,-0.038,1.070,-41.931,34.241,10.437
0.275,-0.086,0.996,-43.091,28.625,11.292
0.288,-0.076,1.005,-44.617,22.095,12.085
0.257,-0.074,0.982,-45.349,16.357,14.038
0.227,-0.075,0.958,-44.617,13.062,16.785
0.222,-0.061,0.948,-43.335,13.611,18.433
0.224,-0.076,0.958,-41.260,16.052,19.104
0.233,-0.088,0.972,-38.086,19.043,18.616
0.244,-0.083,0.994,-33.569,20.935,16.907
0.265,-0.103,1.031,-28.442,22.095,15.381
0.279,-0.157,1.078,-21.912,22.583,15.015
0.300,-0.207,1.119,-15.991,23.071,16.541
0.330,-0.268,1.163,-11.475,22.644,19.775
0.341,-0.340,1.201,-8.545,21.179,24.292
0.341,-0.416,1.201,-7.141,18.616,28.687
0.341,-0.460,1.181,-8.362,15.564,31.982
0.330,-0.465,1.151,-11.353,12.085,33.875
0.316,-0.434,1.116,-14.038,7.874,35.156
0.299,-0.367,1.094,-15.259,3.723,36.377
0.283,-0.312,1.068,-14.343,0.244,38.513
0.250,-0.261,1.032,-10.803,-2.686,40.588
0.210,-0.235,0.999,-6.287,-5.005,42.053
0.183,-0.217,0.964,-1.770,-6.042,41.870
0.161,-0.202,0.933,1.770,-6.409,39.063
0.130,-0.180,0.909,4.700,-6.104,33.691
0.097,-0.158,0.888,6.592,-4.578,26.978
0.077,-0.142,0.869,7.751,-0.732,20.264
0.078,-0.129,0.856,7.935,4.700,13.916
0.113,-0.089,0.862,8.545,10.132,7.690
0.196,-0.038,0.878,9.766,13.123,3.540
0.275,-0.015,0.891,11.780,10.315,2.258
0.289,0.004,0.896,13.367,2.991,4.211
0.294,0.019,0.904,13.611,-4.517,10.864
0.305,0.018,0.914,12.085,-11.902,21.851
0.296,-0.003,0.915,9.216,-19.714,31.738
0.274,-0.028,0.906,5.310,-27.588,37.231
0.239,-0.053,0.862,-0.610,-34.241,36.621
0.162,-0.028,0.814,-7.507,-36.865,29.968
0.093,0.035,0.770,-12.817,-32.898,21.301
0.069,0.103,0.759,-14.832,-23.315,14.099
0.077,0.156,0.766,-12.939,-11.963,9.705
0.120,0.169,0.815,-7.202,-3.235,8.362
0.167,0.157,0.883,0.000,1.587,9.583
0.201,0.119,0.965,5.127,2.808,13.367
0.250,0.062,1.048,6.714,1.648,19.470
0.255,0.023,1.092,3.784,-2.686,23.926

-0.521,-1.165,1.570,-25.208,-237.732,44.006
-0.696,-1.313,1.602,3.235,-218.750,21.973
-0.835,-1.428,1.717,39.734,-179.871,-8.911
-0.952,-1.532,1.833,79.712,-127.869,-45.166
-0.932,-1.744,1.904,117.798,-70.068,-79.102
-0.781,-2.020,1.972,144.531,-13.000,-111.206
-0.521,-2.249,2.007,151.978,34.851,-148.560
-0.309,-2.303,1.951,137.085,72.510,-191.772
-0.073,-2.182,1.843,104.126,103.943,-229.919
0.217,-2.004,1.661,62.134,129.639,-251.465
0.488,-1.721,1.504,21.118,147.583,-255.005
0.745,-1.384,1.387,-9.033,149.353,-238.281
0.920,-1.018,1.288,-25.208,127.625,-199.951
0.942,-0.614,1.248,-29.846,83.618,-143.982
0.833,-0.309,1.248,-22.766,21.912,-75.500
0.619,-0.285,1.240,-7.996,-48.889,-1.953
0.389,-0.548,1.179,6.287,-118.103,67.139
0.076,-0.901,1.149,10.498,-176.147,123.779
-0.253,-1.044,1.106,1.404,-215.576,164.551
-0.536,-1.034,1.074,-16.235,-233.215,188.293
-0.815,-0.891,1.019,-34.668,-229.126,187.195
-1.013,-0.698,0.927,-45.166,-205.139,161.133
-1.072,-0.523,0.848,-46.326,-163.025,115.967
-1.057,-0.386,0.820,-39.734,-108.276,60.303
-0.952,-0.304,0.883,-27.832,-44.067,3.052
-0.724,-0.416,1.032,-10.498,18.311,-45.776
-0.468,-0.654,1.275,10.193,66.101,-83.740
-0.282,-0.923,1.546,29.541,93.628,-108.215
-0.164,-1.130,1.722,42.480,106.995,-116.882
-0.056,-1.224,1.801,44.739,111.206,-106.323
0.089,-1.177,1.797,32.104,105.103,-77.820
0.213,-1.059,1.743,9.583,85.388,-39.185
0.210,-0.816,1.613,-16.724,51.514,-1.526
0.118,-0.554,1.432,-36.743,10.193,29.846
-0.044,-0.378,1.201,-45.227,-28.931,55.176
-0.195,-0.242,1.101,-42.480,-57.861,73.792
-0.417,-0.065,0.945,-30.518,-72.388,81.482
-0.458,-0.031,0.886,-14.526,-70.313,80.750
-0.583,0.017,0.709,4.211,-58.838,68.176
-0.576,0.011,0.833,20.325,-25.452,50.781
-0.489,-0.098,0.835,35.706,7.202,27.710
-0.325,-0.112,1.026,42.603,38.879,6.348
-0.164,-0.141,1.101,41.260,54.871,-5.127
-0.098,-0.157,1.170,34.302,58.411,-9.399
-0.041,-0.121,1.241,23.193,53.955,-7.996
-0.022,-0.160,1.195,13.428,40.771,-1.709
-0.072,-0.137,1.146,1.770,28.015,4.272
-0.140,-0.062,1.090,-7.324,18.860,7.385
-0.167,-0.021,1.028,-10.559,14.160,9.033
-0.156,-0.023,0.978,-9.949,13.489,9.583
-0.143,-0.029,0.936,-7.690,14.771,8.240
-0.137,-0.007,0.906,-5.310,15.808,5.859
-0.135,-0.007,0.889,-2.319,16.541,4.150
-0.143,-0.043,0.877,1.343,18.677,2.808
-0.126,-0.069,0.888,3.784,21.912,2.502
-0.077,-0.097,0.946,4.456,24.841,3.906
-0.048,-0.155,0.999,3.723,24.353,5.920
-0.019,-0.207,1.034,0.305,20.813,8.240
-0.030,-0.233,1.040,-5.432,15.259,8.911
-0.076,-0.221,1.029,-11.169,10.376,7.080
-0.122,-0.202,1.001,-14.832,9.216,3.784
-0.136,-0.195,0.976,-16.235,13.123,-1.099
-0.129,-0.181,0.971,-15.991,20.691,-6.592
-0.079,-0.168,0.990,-14.099,28.320,-11.353
-0.032,-0.171,1.000,-11.047,32.898,-15.320
-0.027,-0.175,1.009,-7.568,34.546,-18.677
-0.061,-0.195,1.008,-4.333,36.133,-21.057
-0.055,-0.226,1.049,-2.380,38.757,-20.935
-0.106,-0.330,1.008,-1.770,41.870,-20.142
-0.093,-0.352,1.025,-7.690,50.232,-19.714
-0.068,-0.331,1.034,-15.381,56.274,-18.127
-0.010,-0.297,1.029,-24.414,59.143,-16.541
0.029,-0.229,1.026,-30.396,54.565,-14.099
0.017,-0.170,0.990,-33.569,45.776,-12.268
-0.011,-0.104,0.964,-33.203,37.109,-10.315
-0.045,-0.064,0.948,-29.602,31.494,-9.521
-0.057,-0.057,0.963,-23.499,29.724,-9.888
-0.045,-0.096,0.984,-17.761,30.151,-10.315
-0.030,-0.123,0.996,-14.709,32.776,-12.390
-0.014,-0.119,1.024,-15.320,36.987,-15.869
0.004,-0.093,1.067,-17.761,40.344,-19.165
0.024,-0.086,1.096,-19.226,42.053,-20.752
0.032,-0.122,1.094,-21.057,42.664,-20.386
0.035,-0.134,1.093,-25.391,42.969,-18.921
0.042,-0.122,1.085,-30.884,42.725,-17.151
0.042,-0.113,1.068,-36.133,42.236,-14.465
0.064,-0.105,1.042,-39.551,40.710,-11.047
0.070,-0.059,1.012,-40.466,38.025,-9.155
0.062,-0.033,0.990,-39.124,34.363,-7.507
0.030,-0.011,0.978,-34.912,32.104,-7.141
0.048,0.005,1.000,-29.236,32.837,-6.958
0.087,-0.001,1.033,-24.048,34.180,-5.737
0.103,-0.026,1.064,-20.508,32.776,-4.211
0.115,-0.054,1.095,-19.958,29.419,-1.160
0.126,-0.063,1.109,-21.912,23.437,4.089
0.109,-0.049,1.098,-24.109,14.282,8.972
0.072,-0.017,1.064,-25.146,4.944,11.292
0.031,0.016,1.024,-24.536,-2.258,11.353
-0.007,0.038,0.995,-21.484,-5.493,8.972
-0.024,0.043,0.969,-17.029,-4.150,4.639
-0.027,0.050,0.948,-12.939,0.366,-0.549
-0.020,0.048,0.932,-9.766,6.592,-5.615
-0.014,0.017,0.918,-8.057,12.817,-11.292
-0.015,-0.008,0.898,-8.850,19.348,-16.846
0.017,0.014,0.878,-11.536,26.550,-20.752
0.082,0.093,0.887,-14.893,31.677,-21.729
0.148,0.181,0.905,-16.174,30.762,-19.775
0.198,0.240,0.898,-13.794,23.437,-15.015
0.224,0.276,0.897,-10.071,11.658,-7.568
0.204,0.285,0.900,-4.761,-2.197,0.916
0.147,0.244,0.878,0.732,-13.916,10.559
0.091,0.204,0.873,4.395,-20.996,18.982
0.048,0.151,0.880,7.141,-22.766,24.048
0.013,0.088,0.903,9.033,-21.179,24.292
-0.044,0.004,0.932,8.972,-17.029,20.996
-0.035,-0.062,0.972,5.981,-9.583,16.846
0.009,-0.086,1.002,0.854,-3.113,12.146
0.051,-0.082,1.015,-3.723,-0.183,5.859
0.079,-0.094,1.012,-5.676,-0.427,-0.305

-0.654,-1.157,1.552,-9.155,-151.611,42.603
-0.555,-1.298,1.760,-19.775,-128.845,26.917
-0.449,-1.461,1.986,-16.479,-119.385,12.024
-0.460,-1.658,2.155,5.859,-121.521,-4.089
-0.470,-1.747,2.314,41.260,-125.305,-23.560
-0.454,-1.749,2.397,79.712,-120.728,-46.631
-0.508,-1.787,2.354,109.924,-102.478,-75.928
-0.525,-1.932,2.250,121.460,-67.200,-108.215
-0.552,-2.123,2.071,113.525,-16.602,-139.160
-0.515,-2.208,1.889,88.989,44.556,-169.922
-0.367,-2.268,1.671,54.321,108.276,-199.402
-0.147,-2.256,1.422,15.991,162.354,-227.478
0.111,-2.033,1.179,-18.982,202.698,-254.639
0.381,-1.702,1.012,-42.358,229.126,-278.137
0.672,-1.370,0.889,-51.880,243.469,-289.734
0.970,-1.100,0.820,-49.011,244.751,-282.898
1.172,-0.806,0.849,-38.818,228.271,-257.996
1.231,-0.445,0.972,-23.621,191.895,-213.989
1.138,-0.214,1.071,-3.052,135.681,-147.583
0.910,-0.203,1.091,18.738,68.176,-65.857
0.700,-0.413,1.032,35.217,1.099,19.714
0.467,-0.649,1.037,41.809,-58.960,92.346
0.289,-0.858,1.035,40.283,-112.366,140.808
-0.005,-1.024,0.938,33.203,-155.396,162.476
-0.334,-1.037,0.893,19.470,-179.504,161.743
-0.569,-0.984,0.790,6.226,-188.477,147.705
-0.750,-0.929,0.688,-5.249,-177.612,125.610
-0.866,-0.838,0.634,-12.573,-147.949,96.558
-0.875,-0.737,0.629,-14.954,-103.943,63.660
-0.813,-0.663,0.663,-13.550,-50.415,31.982
-0.630,-0.647,0.769,-10.559,5.066,7.446
-0.415,-0.646,0.923,-7.568,53.101,-7.690
-0.165,-0.703,1.144,-3.052,86.548,-16.174
0.077,-0.884,1.396,2.930,100.769,-19.409
0.241,-1.137,1.576,10.193,96.069,-21.545
0.294,-1.411,1.639,18.982,80.322,-25.146
0.260,-1.540,1.623,21.606,63.354,-27.649
0.198,-1.453,1.515,13.489,51.025,-23.560
0.153,-1.219,1.358,-1.465,44.495,-10.925
0.145,-1.007,1.135,-16.113,41.382,6.348
0.189,-0.705,1.211,-25.391,38.757,23.926
0.183,-0.524,1.023,-25.513,23.071,38.208
0.186,-0.343,1.144,-21.973,5.005,46.143
0.115,-0.215,0.971,-12.207,-25.635,53.589
-0.063,-0.172,0.939,-2.136,-43.152,59.021
-0.125,-0.236,0.968,7.507,-50.659,59.326
-0.174,-0.266,0.953,14.343,-50.415,50.720
-0.177,-0.258,0.953,14.465,-40.955,39.246
-0.217,-0.247,0.922,9.888,-23.621,26.123
-0.175,-0.211,1.006,2.197,0.793,13.855
-0.068,-0.212,1.000,-4.883,20.813,4.211
0.011,-0.154,1.047,-11.902,38.391,-5.981
0.112,-0.084,1.064,-15.503,47.363,-14.954
0.165,-0.062,1.022,-14.526,46.997,-20.935
0.191,-0.033,1.021,-12.146,44.189,-24.719
0.236,-0.024,1.008,-7.568,38.696,-25.940
0.250,-0.034,0.995,-0.916,31.494,-25.513
0.261,-0.053,1.016,5.127,23.987,-22.766
0.270,-0.096,1.035,9.949,16.479,-16.846
0.271,-0.134,1.050,12.939,9.033,-7.996
0.263,-0.170,1.066,14.038,2.258,1.404
0.214,-0.212,1.048,14.526,-3.479,9.399
0.174,-0.239,1.066,13.733,-6.897,13.916
0.125,-0.294,1.043,11.902,-8.179,15.564
0.080,-0.329,1.048,8.545,-5.676,14.099
0.073,-0.342,1.030,5.127,-1.770,10.559
0.068,-0.372,1.018,2.258,3.174,5.798
0.064,-0.392,1.001,-0.061,9.155,-0.732
0.077,-0.371,1.012,-2.014,16.296,-7.141
0.094,-0.383,0.997,-3.418,22.522,-12.085
0.113,-0.383,1.003,-4.822,29.053,-15.442
0.173,-0.383,1.009,-7.019,34.363,-16.052
0.237,-0.350,1.013,-10.132,35.400,-14.709
0.274,-0.299,1.016,-12.878,30.945,-11.780
0.278,-0.245,1.002,-14.526,22.644,-7.202
0.249,-0.203,0.970,-14.465,12.268,-2.136
0.199,-0.176,0.930,-12.878,3.174,3.601
0.142,-0.166,0.896,-10.132,-2.075,8.240
0.095,-0.162,0.869,-7.690,-3.235,10.864
0.078,-0.160,0.861,-5.615,-1.892,11.169
0.085,-0.157,0.874,-4.150,0.061,10.193
0.083,-0.167,0.882,-2.686,0.854,8.545
0.078,-0.176,0.884,-2.136,1.099,6.470
0.068,-0.194,0.886,-2.563,2.380,5.005
0.081,-0.191,0.884,-4.272,5.005,3.113
0.089,-0.192,0.883,-6.226,8.301,0.244
0.109,-0.195,0.887,-7.874,12.329,-2.747
0.139,-0.205,0.898,-9.521,14.954,-4.700
0.185,-0.195,0.912,-11.719,15.198,-5.005
0.216,-0.173,0.920,-12.878,12.634,-3.601
0.232,-0.166,0.926,-12.756,7.812,-1.587
0.232,-0.180,0.933,-11.780,2.258,1.343
0.222,-0.216,0.929,-9.827,-2.808,4.211
0.194,-0.243,0.926,-7.874,-5.859,5.249
0.172,-0.291,0.926,-6.592,-6.714,5.859
0.152,-0.339,0.945,-7.019,-4.211,5.737
0.145,-0.378,0.960,-8.972,-0.305,5.371
0.149,-0.394,0.988,-12.024,4.028,4.761
0.154,-0.414,1.000,-15.137,7.629,3.479
0.172,-0.427,0.999,-18.433,9.521,2.014
0.180,-0.402,1.005,-22.095,9.766,0.549
0.187,-0.382,1.017,-24.841,8.667,-0.366
0.201,-0.391,1.014,-24.780,7.080,-1.038
0.209,-0.401,1.016,-23.926,5.371,-0.854
0.214,-0.407,1.027,-23.071,4.395,-0.671
0.230,-0.454,1.031,-20.203,4.028,-0.061
0.258,-0.538,1.029,-18.127,3.540,2.869
0.269,-0.556,1.047,-21.240,3.052,7.507
0.251,-0.548,1.078,-24.353,2.197,12.085
0.230,-0.567,1.092,-25.879,0.854,16.724
0.203,-0.608,1.086,-26.978,0.671,20.325
0.187,-0.632,1.066,-28.076,2.014,21.667
0.187,-0.631,1.052,-28.625,5.371,21.667
0.196,-0.641,1.037,-28.625,8.972,21.790
0.197,-0.640,1.017,-27.466,11.841,21.545
0.201,-0.590,1.017,-26.917,13.977,22.095
0.218,-0.564,1.014,-26.855,14.282,23.743
0.223,-0.529,1.009,-27.222,12.817,25.757
0.214,-0.458,1.005,-26.978,10.437,27.893

0.057,-0.874,1.695,33.081,-105.286,-21.118
-0.069,-1.000,1.622,17.883,-115.356,-31.677
-0.180,-1.089,1.524,9.155,-119.507,-45.898
-0.275,-1.106,1.511,8.606,-113.708,-63.660
-0.266,-1.339,1.491,14.771,-100.342,-74.829
-0.258,-1.583,1.568,21.606,-75.806,-81.482
-0.175,-1.678,1.660,26.184,-46.448,-82.703
-0.044,-1.728,1.681,30.273,-22.705,-78.308
0.105,-1.705,1.709,34.668,-4.700,-80.750
0.188,-1.739,1.629,41.138,4.028,-93.262
0.179,-1.741,1.587,45.288,12.268,-114.258
0.209,-1.671,1.541,46.326,21.057,-134.155
0.286,-1.617,1.475,45.715,29.663,-144.958
0.425,-1.498,1.440,41.321,37.659,-147.522
0.589,-1.422,1.381,35.339,39.124,-140.991
0.703,-1.352,1.319,25.452,31.006,-126.099
0.760,-1.271,1.242,12.756,12.573,-101.257
0.759,-1.171,1.170,2.441,-17.090,-65.857
0.660,-0.954,1.190,-1.160,-54.810,-26.001
0.493,-0.769,1.229,7.874,-100.525,15.503
0.255,-0.684,1.250,25.940,-147.583,56.763
-0.013,-0.691,1.231,45.532,-189.575,88.623
-0.296,-0.762,1.182,60.425,-216.919,102.539
-0.613,-0.891,1.136,66.711,-220.886,94.543
-0.866,-0.986,1.103,62.134,-198.059,67.993
-1.034,-1.073,1.136,50.842,-150.391,29.419
-1.041,-1.250,1.233,37.720,-86.548,-13.794
-0.899,-1.370,1.294,24.658,-14.954,-61.523
-0.637,-1.452,1.284,11.169,54.321,-103.333
-0.327,-1.472,1.228,-3.296,109.802,-127.014
-0.006,-1.346,1.191,-19.409,142.090,-127.380
0.240,-1.119,1.160,-35.217,147.156,-107.361
0.419,-0.874,1.148,-47.424,125.977,-71.106
0.480,-0.717,1.081,-53.223,81.848,-23.071
0.468,-0.644,1.019,-52.979,21.118,27.283
0.357,-0.385,1.172,-49.255,-40.894,68.848
0.107,-0.435,0.647,-39.063,-104.675,101.868
-0.222,-0.269,0.973,-27.039,-134.583,110.229
-0.374,-0.091,0.666,-13.611,-163.208,110.352
-0.618,-0.300,0.606,6.104,-163.269,107.544
-0.727,-0.228,0.757,17.334,-127.075,83.557
-0.775,-0.251,0.798,29.419,-89.417,58.167
-0.642,-0.341,0.832,31.921,-39.917,41.504
-0.591,-0.375,0.869,28.564,8.911,21.973
-0.469,-0.311,0.985,21.423,54.932,5.188
-0.208,-0.350,1.011,15.747,83.191,-2.930
-0.015,-0.358,1.074,9.521,95.215,-9.155
0.079,-0.333,1.139,2.197,90.515,-14.343
0.137,-0.334,1.124,-4.211,70.923,-14.893
0.119,-0.333,1.063,-9.521,46.143,-11.658
0.040,-0.276,1.000,-13.428,24.292,-6.592
-0.071,-0.240,0.937,-13.672,10.254,-1.343
-0.114,-0.245,0.925,-10.010,5.432,3.662
-0.093,-0.264,0.969,-3.784,6.470,5.798
-0.045,-0.329,0.974,2.380,6.409,6.409
-0.065,-0.344,1.019,5.005,5.005,7.385
-0.109,-0.389,0.992,5.798,3.540,9.949
-0.162,-0.419,1.003,4.517,6.958,11.108
-0.165,-0.460,1.002,2.014,14.282,10.925
-0.152,-0.492,1.014,-3.418,22.034,9.521
-0.144,-0.498,1.017,-10.193,27.283,7.629
-0.104,-0.493,1.008,-16.602,28.931,6.836
-0.060,-0.484,0.970,-21.912,25.452,7.263
-0.126,-0.450,0.888,-26.001,20.447,7.019
-0.184,-0.366,0.853,-27.222,20.630,7.751
-0.183,-0.315,0.838,-25.146,23.071,10.376
-0.147,-0.283,0.842,-20.508,24.353,13.489
-0.164,-0.277,0.823,-15.015,23.132,15.137
-0.182,-0.277,0.847,-9.399,22.156,15.869
-0.162,-0.305,0.847,-5.188,19.653,16.968
-0.160,-0.314,0.866,-2.930,16.663,16.785
-0.157,-0.318,0.885,-2.441,13.977,15.198
-0.172,-0.314,0.873,-3.723,12.024,13.306
-0.183,-0.295,0.881,-6.165,12.268,12.573
-0.187,-0.275,0.883,-8.240,13.489,13.245
-0.179,-0.258,0.891,-9.460,15.564,13.245
-0.158,-0.256,0.900,-9.766,17.273,12.268
-0.154,-0.260,0.910,-9.399,18.677,9.644
-0.134,-0.278,0.903,-9.033,20.386,6.409
-0.111,-0.297,0.901,-9.277,22.217,3.113
-0.094,-0.303,0.907,-10.437,24.414,0.488
-0.073,-0.311,0.902,-11.902,26.001,0.427
-0.052,-0.307,0.912,-13.611,28.381,1.221
-0.019,-0.305,0.916,-14.832,28.870,2.686
0.010,-0.307,0.927,-14.648,26.367,4.150
0.010,-0.333,0.913,-13.916,21.667,5.615
-0.002,-0.346,0.900,-13.794,16.785,7.690
-0.030,-0.335,0.893,-15.015,13.733,9.705
-0.050,-0.322,0.878,-16.113,13.306,12.329
-0.053,-0.314,0.862,-16.052,14.343,14.465
-0.046,-0.301,0.855,-14.771,15.076,15.198
-0.023,-0.292,0.858,-12.390,13.733,15.137
-0.003,-0.286,0.867,-9.277,9.827,15.137
-0.007,-0.277,0.869,-6.409,4.883,15.686
-0.025,-0.283,0.882,-5.005,0.977,17.822
-0.047,-0.255,0.910,-5.005,-0.854,21.545
-0.047,-0.243,0.926,-5.615,-1.221,25.757
-0.070,-0.256,0.924,-6.287,-1.221,27.222
-0.081,-0.250,0.949,-7.385,-0.549,25.513
-0.094,-0.232,0.955,-8.118,-0.549,22.400
-0.087,-0.230,0.950,-9.521,-0.488,20.508
-0.099,-0.221,0.943,-9.460,0.000,17.151
-0.104,-0.196,0.960,-8.423,1.770,13.000
-0.095,-0.202,0.959,-6.409,3.235,8.850
-0.102,-0.209,0.962,-4.272,5.798,4.089
-0.097,-0.206,0.972,-2.625,9.216,-0.732
-0.079,-0.231,0.994,-1.526,12.695,-3.845
-0.064,-0.270,1.017,-1.831,15.076,-5.676
-0.032,-0.290,1.031,-4.150,16.296,-5.249
-0.012,-0.275,1.038,-7.935,16.174,-3.662
-0.001,-0.244,1.048,-11.292,14.709,-3.357
-0.012,-0.226,1.044,-12.085,12.512,-4.883
-0.031,-0.211,1.022,-12.024,12.207,-8.057
-0.042,-0.229,0.996,-10.803,14.771,-11.230
-0.021,-0.264,0.987,-9.460,19.165,-13.184
0.017,-0.291,1.001,-9.216,22.827,-13.855
0.033,-0.296,1.019,-10.742,24.536,-14.221
0.043,-0.296,1.025,-13.062,25.391,-14.771
0.041,-0.283,1.029,-16.113,26.733,-15.076

0.082,-1.386,1.783,-9.338,-142.944,64.941
0.050,-1.507,2.147,34.302,-143.311,78.613
0.095,-1.664,2.437,96.130,-137.390,78.796
0.017,-1.818,2.567,159.973,-135.559,57.861
-0.161,-2.050,2.630,207.703,-130.005,19.287
-0.272,-2.363,2.598,223.816,-111.633,-18.250
-0.276,-2.570,2.582,208.008,-76.904,-47.729
-0.204,-2.536,2.557,173.035,-35.278,-70.190
-0.092,-2.555,2.352,131.165,1.221,-90.515
-0.037,-2.499,2.079,85.327,34.302,-119.202
0.088,-2.260,1.789,39.856,64.575,-154.297
0.251,-1.912,1.541,3.052,94.666,-193.848
0.509,-1.624,1.372,-23.071,126.343,-225.464
0.775,-1.410,1.230,-39.551,151.367,-239.502
0.983,-1.198,1.184,-52.795,165.344,-231.506
1.133,-0.958,1.189,-63.599,160.217,-197.266
1.183,-0.742,1.163,-69.580,131.470,-140.869
1.151,-0.553,1.164,-68.542,80.322,-73.547
0.977,-0.504,1.063,-59.326,10.132,-5.371
0.703,-0.593,0.945,-45.166,-64.697,54.382
0.354,-0.783,0.732,-30.945,-131.592,102.173
-0.035,-0.876,0.548,-20.447,-177.795,132.141
-0.376,-0.872,0.406,-13.184,-197.571,145.386
-0.542,-0.832,0.362,-5.066,-193.298,145.081
-0.777,-0.821,0.254,5.554,-172.119,129.517
-0.903,-0.676,0.401,13.123,-132.141,102.539
-0.794,-0.689,0.515,24.902,-87.646,76.843
-0.660,-0.733,0.649,34.546,-46.326,51.636
-0.486,-0.690,0.861,34.973,-14.404,28.015
-0.296,-0.694,0.997,32.959,3.540,10.864
-0.155,-0.675,1.107,26.550,10.437,-0.916
-0.108,-0.616,1.155,18.738,8.118,-8.728
-0.086,-0.567,1.167,13.367,1.770,-11.902
-0.055,-0.551,1.152,11.475,-4.028,-10.864
-0.029,-0.564,1.128,11.230,-8.606,-7.324
-0.025,-0.548,1.110,10.498,-11.597,-1.892
-0.030,-0.490,1.134,9.705,-12.085,4.333
-0.072,-0.557,0.993,11.597,-12.024,9.583
-0.054,-0.443,1.128,12.573,-7.874,10.315
-0.097,-0.541,1.020,16.479,-7.812,12.695
-0.068,-0.500,1.071,16.479,-4.578,11.047
-0.195,-0.501,1.028,16.724,-2.930,12.268
-0.138,-0.586,1.103,14.404,4.761,17.700
-0.130,-0.608,1.138,13.855,10.925,15.991
-0.106,-0.571,1.242,8.545,10.559,14.343
-0.117,-0.551,1.234,3.296,2.563,12.085
-0.163,-0.524,1.172,0.305,-5.249,7.874
-0.237,-0.484,1.128,-0.671,-5.859,1.770
-0.189,-0.468,1.105,1.587,1.953,-4.272
-0.123,-0.503,1.049,6.531,12.024,-10.132
-0.104,-0.466,1.111,10.559,23.071,-16.296
-0.032,-0.520,1.078,15.320,31.128,-18.555
-0.014,-0.512,1.136,18.433,37.292,-18.250
0.011,-0.534,1.126,19.104,39.673,-14.709
0.009,-0.534,1.148,18.738,40.222,-9.827
0.031,-0.549,1.153,17.334,39.307,-4.883
0.045,-0.556,1.174,15.259,35.828,-1.831
0.038,-0.550,1.157,10.986,29.602,1.099
0.006,-0.478,1.143,5.371,21.912,3.235
-0.054,-0.422,1.077,1.587,14.038,5.371
-0.084,-0.361,1.039,-0.183,9.705,6.226
-0.082,-0.336,1.003,0.977,6.714,6.470
-0.070,-0.314,0.999,2.991,3.601,6.531
-0.067,-0.314,0.973,5.066,-0.061,7.263
-0.080,-0.304,0.948,6.348,-2.625,7.996
-0.085,-0.294,0.924,7.263,-3.052,9.521
-0.076,-0.307,0.921,7.935,-1.953,10.376
-0.068,-0.342,0.925,8.118,-0.488,11.230
-0.047,-0.352,0.943,6.653,0.793,12.390
-0.041,-0.358,0.945,4.028,0.305,12.878
-0.049,-0.352,0.934,1.770,-0.916,12.329
-0.068,-0.346,0.910,-0.183,-0.916,11.353
-0.089,-0.320,0.884,-1.648,1.465,9.399
-0.091,-0.293,0.875,-1.648,6.287,6.958
-0.064,-0.283,0.882,0.122,11.230,4.700
-0.031,-0.271,0.906,2.502,13.550,2.380
-0.019,-0.272,0.920,5.249,11.658,0.854
-0.024,-0.282,0.929,8.423,7.446,0.854
-0.039,-0.310,0.939,10.864,3.052,1.831
-0.047,-0.354,0.952,11.597,0.366,3.235
-0.061,-0.403,0.959,9.399,-0.122,4.517
-0.074,-0.433,0.978,4.822,1.648,4.639
-0.077,-0.450,0.981,-1.221,5.310,3.845
-0.063,-0.434,0.981,-7.385,9.460,2.075
-0.040,-0.398,0.978,-12.390,11.841,0.244
-0.019,-0.371,0.971,-14.404,11.597,-1.343
-0.004,-0.364,0.960,-14.648,9.583,-2.441
0.005,-0.374,0.938,-13.306,7.019,-2.625
0.006,-0.387,0.922,-12.512,5.798,-1.709
0.004,-0.396,0.907,-12.390,5.859,-0.305
0.000,-0.392,0.898,-12.573,6.409,0.793
-0.002,-0.383,0.885,-12.573,6.531,2.014
-0.011,-0.373,0.876,-12.329,5.676,3.296
-0.021,-0.370,0.866,-11.841,4.089,5.066
-0.042,-0.371,0.850,-11.292,2.197,7.202
-0.055,-0.364,0.835,-11.047,0.549,8.606
-0.066,-0.358,0.819,-10.193,-0.916,9.033
-0.075,-0.350,0.812,-8.606,-1.709,8.179
-0.070,-0.345,0.812,-7.141,-1.160,6.958
-0.061,-0.346,0.816,-5.188,-0.854,5.310
-0.041,-0.345,0.828,-3.662,-0.427,3.784
-0.017,-0.344,0.849,-3.113,0.000,3.357
-0.002,-0.354,0.863,-3.113,0.183,3.967
-0.002,-0.371,0.874,-3.906,0.549,4.944
-0.010,-0.377,0.884,-6.592,2.014,5.859
-0.001,-0.347,0.904,-9.583,4.883,7.263
0.012,-0.337,0.905,-12.329,7.935,7.996
0.045,-0.321,0.927,-14.160,9.033,8.118
0.047,-0.315,0.912,-14.709,6.470,7.507
0.007,-0.296,0.908,-15.381,4.395,5.127
0.005,-0.284,0.909,-14.893,3.601,3.479
0.012,-0.286,0.913,-12.939,3.479,2.197
0.007,-0.312,0.907,-11.475,3.906,1.099
-0.001,-0.332,0.926,-10.559,5.371,0.427
0.006,-0.343,0.948,-10.620,7.996,0.183
0.023,-0.354,0.963,-10.681,9.766,0.488
0.029,-0.344,0.980,-11.047,9.644,0.366
0.027,-0.330,1.007,-10.559,8.057,-0.061
0.022,-0.372,1.016,-8.911,6.226,-0.244

0.869,0.891,1.216,68.542,-12.756,27.039
1.022,0.769,1.442,52.673,-17.395,39.490
1.075,0.657,1.532,27.283,-35.645,50.293
1.003,0.608,1.511,-3.235,-64.453,56.824
0.831,0.624,1.403,-32.471,-95.886,61.523
0.636,0.659,1.212,-51.086,-123.718,65.491
0.429,0.618,1.018,-54.871,-144.043,64.758
0.273,0.597,0.875,-44.495,-154.907,56.885
0.110,0.361,0.742,-20.813,-157.410,45.532
0.044,0.100,0.772,9.827,-149.536,26.367
0.056,-0.408,0.946,41.870,-135.071,9.094
0.091,-0.988,1.180,59.448,-111.694,9.705
0.313,-1.418,1.484,52.612,-81.482,32.837
0.627,-1.737,1.749,35.461,-62.927,52.002
0.775,-1.920,1.844,20.081,-68.542,40.405
0.660,-2.075,1.760,10.254,-90.820,1.831
0.451,-2.024,1.607,5.493,-105.286,-50.903
0.282,-1.914,1.400,9.766,-93.689,-107.361
0.316,-1.852,1.220,21.301,-52.612,-158.020
0.495,-1.880,1.073,35.339,2.502,-199.036
0.809,-1.808,1.022,41.199,55.725,-223.938
1.187,-1.539,1.049,39.978,89.417,-227.173
1.424,-1.249,1.057,40.771,92.285,-208.557
1.462,-0.937,1.039,48.157,68.176,-174.194
1.587,-0.597,1.224,61.157,28.870,-128.906
1.047,-1.144,0.655,79.834,-8.179,-88.745
1.411,-0.097,1.638,78.552,-26.550,-70.435
0.826,-1.125,0.345,111.511,-112.305,-17.761
1.001,-0.609,1.619,78.064,-125.549,13.184
0.655,-0.920,0.767,73.853,-166.443,28.687
0.315,-1.019,0.762,60.730,-189.209,44.434
-0.056,-0.983,0.610,34.119,-182.739,46.387
-0.506,-1.123,0.366,23.987,-150.940,37.659
-0.775,-1.313,0.309,10.925,-88.196,21.729
-1.041,-2.273,-0.437,1.587,-2.808,-13.367
-0.664,0.144,1.607,-24.048,128.113,-93.933
-0.034,-1.112,0.899,-3.906,142.151,-70.313
0.878,-1.248,1.336,12.817,122.864,-35.034
1.015,-1.826,0.988,33.081,64.270,-31.921
0.735,-1.719,1.004,24.658,18.799,-36.377
0.450,-1.549,0.782,10.681,-2.258,-30.151
0.258,-1.305,0.665,2.197,12.939,-18.677
0.349,-0.923,0.863,1.465,48.828,-11.230
0.663,-0.678,0.905,12.146,64.575,-0.427
0.800,-0.768,0.856,27.527,39.917,19.287
0.628,-0.562,0.949,30.823,6.897,30.212
0.443,-0.554,0.917,36.743,-30.762,42.603
0.325,-0.573,0.927,40.100,-60.059,52.551
0.113,-0.622,0.886,40.894,-77.209,51.208
-0.003,-0.623,0.918,37.903,-73.914,41.504
0.000,-0.633,0.953,33.447,-53.894,29.968
0.089,-0.667,1.008,28.320,-24.780,15.503
0.272,-0.676,1.073,19.958,6.348,2.197
0.415,-0.684,1.090,7.629,28.931,-4.028
0.515,-0.616,1.071,-5.432,38.635,-5.981
0.553,-0.508,1.048,-15.320,37.537,-5.005
0.542,-0.430,0.998,-19.470,28.992,-1.770
0.525,-0.382,0.924,-18.311,17.273,2.625
0.520,-0.323,0.840,-15.381,6.897,8.057
0.507,-0.230,0.799,-13.184,-0.427,15.259
0.495,-0.130,0.807,-8.484,-5.371,22.217
0.466,-0.076,0.859,1.465,-8.972,27.100
0.441,-0.119,0.924,13.489,-11.597,30.334
0.406,-0.211,0.971,23.987,-13.489,31.250
0.397,-0.337,1.060,28.748,-13.489,29.297
0.412,-0.496,1.143,26.184,-12.024,27.710
0.402,-0.603,1.181,16.235,-10.376,24.963
0.359,-0.638,1.183,1.831,-8.057,18.311
0.317,-0.625,1.153,-13.611,-2.930,10.193
0.299,-0.582,1.096,-27.893,6.042,2.991
0.327,-0.494,1.047,-38.330,17.029,-2.014
0.398,-0.391,1.024,-42.847,25.146,-2.930
0.462,-0.316,1.009,-40.955,26.489,0.000
0.482,-0.280,0.996,-34.119,20.630,5.249
0.487,-0.265,0.989,-24.597,10.010,12.085
0.430,-0.266,0.980,-14.648,-2.625,19.043
0.347,-0.287,0.975,-6.226,-12.512,24.658
0.276,-0.317,0.973,-0.671,-18.250,27.588
0.202,-0.331,0.973,1.526,-20.203,26.733
0.156,-0.333,0.969,0.977,-18.677,22.461
0.154,-0.331,0.978,-1.709,-15.137,15.869
0.164,-0.299,0.987,-6.042,-11.536,11.108
0.219,-0.240,0.985,-11.658,-8.789,11.047
0.250,-0.179,0.982,-15.808,-8.850,12.756
0.246,-0.152,0.967,-16.846,-11.719,13.611
0.219,-0.149,0.952,-15.503,-15.747,13.245
0.188,-0.171,0.943,-13.794,-17.578,11.658
0.166,-0.225,0.934,-12.451,-16.174,8.911
0.175,-0.275,0.929,-13.184,-11.597,5.188
0.188,-0.292,0.924,-15.930,-5.676,0.732
0.207,-0.292,0.918,-19.165,0.183,-4.089
0.247,-0.292,0.918,-21.484,5.432,-9.399
0.281,-0.296,0.914,-22.400,8.972,-13.794
0.306,-0.317,0.907,-22.400,10.742,-16.113
0.335,-0.341,0.893,-22.583,11.475,-16.235
0.367,-0.337,0.876,-23.560,11.169,-14.343
0.368,-0.312,0.852,-24.780,8.484,-11.597
0.342,-0.291,0.837,-24.414,4.089,-8.728
0.336,-0.297,0.831,-21.790,0.244,-5.188
0.339,-0.317,0.829,-18.005,-3.418,-1.465
0.320,-0.333,0.824,-14.954,-7.568,2.502
0.288,-0.342,0.812,-12.268,-11.353,5.310
0.256,-0.345,0.796,-9.888,-13.672,6.409
0.226,-0.340,0.779,-7.751,-13.672,5.432
0.203,-0.342,0.765,-5.493,-11.658,2.808
0.208,-0.364,0.771,-3.174,-8.850,-0.427
0.250,-0.384,0.787,-2.075,-6.165,-2.075
0.294,-0.367,0.812,-2.563,-5.920,-0.610
0.315,-0.332,0.823,-3.357,-9.399,2.441
0.298,-0.311,0.822,-3.052,-15.198,5.676
0.279,-0.319,0.813,-1.831,-20.020,8.240
0.267,-0.318,0.807,-1.770,-22.766,10.071
0.256,-0.298,0.808,-2.563,-23.437,9.827
0.235,-0.285,0.810,-2.930,-23.071,8.301
0.213,-0.278,0.814,-2.808,-20.752,6.226
0.222,-0.269,0.825,-2.380,-17.151,4.517
0.232,-0.279,0.835,-1.648,-13.367,2.441
0.236,-0.295,0.850,-1.282,-9.949,0.488
0.254,-0.316,0.871,-1.831,-6.653,-1.465

0.079,-0.951,2.070,33.142,-61.096,-15.869
0.096,-1.106,2.202,-31.311,-56.519,-27.649
0.118,-1.127,2.145,-89.600,-63.599,-40.833
0.097,-1.091,2.045,-125.061,-79.895,-51.697
0.004,-1.159,1.982,-130.127,-104.858,-61.340
-0.130,-1.385,1.823,-106.506,-131.775,-70.740
-0.322,-1.463,1.729,-56.458,-149.170,-84.534
-0.536,-1.689,1.600,6.775,-146.729,-100.952
-0.636,-1.980,1.517,64.209,-112.549,-121.704
-0.554,-2.354,1.401,98.694,-52.307,-139.832
-0.297,-2.625,1.321,103.455,20.569,-156.067
0.063,-2.547,1.322,83.984,91.370,-173.889
0.468,-2.422,1.297,56.396,140.198,-184.875
0.799,-2.182,1.233,28.992,159.973,-188.965
1.032,-1.808,1.205,7.568,153.809,-183.411
1.167,-1.447,1.213,-1.282,127.197,-164.246
1.209,-1.133,1.208,1.099,86.304,-132.568
1.139,-0.888,1.165,10.193,37.720,-92.773
0.952,-0.720,1.106,22.705,-8.484,-50.110
0.712,-0.649,1.069,35.278,-46.448,-10.742
0.475,-0.706,1.077,45.288,-75.745,23.071
0.229,-0.840,1.075,49.011,-99.487,50.293
-0.024,-0.967,1.028,42.847,-118.225,69.763
-0.248,-1.038,0.977,28.992,-128.906,79.773
-0.399,-1.083,0.932,10.925,-129.150,82.153
-0.472,-1.080,0.866,-8.484,-120.789,80.200
-0.508,-0.990,0.809,-26.672,-106.140,72.388
-0.539,-0.881,0.770,-38.025,-87.524,58.105
-0.533,-0.850,0.775,-39.185,-65.369,42.664
-0.468,-0.944,0.862,-30.884,-40.527,28.809
-0.414,-1.175,1.005,-14.771,-16.418,14.404
-0.318,-1.530,1.169,5.432,7.568,-1.953
-0.203,-1.698,1.233,21.790,32.715,-19.409
-0.076,-1.630,1.243,24.902,57.068,-34.119
0.081,-1.489,1.250,12.756,76.965,-35.828
0.219,-1.258,1.259,-7.385,86.426,-23.682
0.315,-0.985,1.233,-27.771,80.505,-7.080
0.291,-0.737,1.156,-42.725,57.800,9.583
0.185,-0.532,1.056,-50.171,23.560,25.818
0.012,-0.366,0.953,-48.523,-12.024,37.842
-0.165,-0.282,0.790,-39.551,-39.978,44.006
-0.274,-0.198,0.809,-26.794,-53.284,43.457
-0.395,-0.202,0.712,-12.329,-51.636,36.743
-0.386,-0.151,0.784,-0.671,-33.325,25.269
-0.304,-0.172,0.856,8.179,-8.972,13.184
-0.145,-0.187,0.989,11.047,17.212,2.747
0.073,-0.272,1.103,9.766,35.034,-2.258
0.206,-0.241,1.244,1.892,41.809,-5.432
0.299,-0.174,1.318,-10.620,34.790,-1.099
0.334,-0.138,1.295,-22.583,18.555,8.789
0.262,-0.036,1.256,-32.959,2.686,14.954
0.200,0.069,1.212,-37.231,-8.240,18.188
0.156,0.102,1.141,-34.485,-13.000,19.592
0.116,0.114,1.110,-27.832,-9.705,16.541
0.093,0.110,1.091,-19.714,-3.174,11.536
0.100,0.047,1.076,-12.939,3.906,9.460
0.106,-0.014,1.093,-9.583,11.414,8.362
0.123,-0.057,1.115,-8.667,17.090,7.141
0.145,-0.092,1.127,-8.911,18.860,5.981
0.133,-0.125,1.143,-9.705,18.555,2.930
0.120,-0.187,1.132,-10.071,18.738,-1.282
0.103,-0.254,1.136,-12.451,21.790,-4.150
0.113,-0.299,1.134,-17.029,27.710,-6.165
0.156,-0.318,1.137,-21.423,33.997,-8.179
0.233,-0.345,1.132,-24.597,37.598,-10.376
0.228,-0.388,1.063,-26.184,37.354,-12.268
0.239,-0.311,1.083,-27.588,38.025,-13.367
0.259,-0.340,1.003,-25.391,36.926,-10.864
0.240,-0.291,0.996,-21.423,36.133,-9.155
0.230,-0.285,0.947,-15.442,34.180,-5.676
0.198,-0.280,0.950,-8.850,32.043,-1.953
0.184,-0.302,0.951,-3.357,29.114,4.272
0.173,-0.322,0.950,-1.099,24.841,12.451
0.150,-0.310,0.943,-3.174,19.104,21.667
0.132,-0.231,0.967,-7.019,11.536,30.396
0.086,-0.216,0.929,-9.827,1.770,36.743
0.013,-0.165,0.904,-10.559,-6.592,37.109
-0.062,-0.214,0.830,-9.888,-12.146,34.546
-0.107,-0.180,0.816,-9.949,-10.742,27.466
-0.106,-0.185,0.780,-9.644,-5.920,20.508
-0.073,-0.171,0.802,-9.460,2.625,13.000
-0.012,-0.176,0.820,-8.118,11.658,6.775
0.044,-0.172,0.854,-7.141,18.982,2.319
0.086,-0.145,0.907,-6.592,23.926,-1.953
0.140,-0.151,0.955,-5.188,24.414,-4.639
0.170,-0.175,0.977,-4.578,21.362,-7.141
0.170,-0.190,0.973,-5.615,17.212,-8.301
0.161,-0.195,0.951,-7.812,15.442,-8.179
0.170,-0.181,0.935,-9.460,16.113,-7.935
0.202,-0.189,0.933,-9.460,18.005,-7.080
0.221,-0.188,0.941,-8.789,19.226,-5.981
0.239,-0.192,0.955,-8.301,19.775,-3.967
0.243,-0.205,0.964,-7.202,18.372,-1.770
0.224,-0.230,0.965,-6.104,15.442,0.916
0.187,-0.250,0.967,-5.981,13.611,3.113
0.168,-0.267,0.967,-6.348,13.367,3.845
0.169,-0.267,0.973,-8.240,13.916,3.784
0.166,-0.250,0.976,-9.521,13.550,2.808
0.144,-0.240,0.963,-10.071,12.451,1.465
0.133,-0.228,0.953,-10.376,12.817,0.000
0.134,-0.213,0.941,-10.071,14.038,-1.099
0.136,-0.197,0.922,-9.338,14.832,-2.686
0.138,-0.193,0.909,-9.094,15.259,-3.723
0.155,-0.175,0.905,-9.094,15.930,-4.150
0.185,-0.147,0.903,-8.972,15.747,-3.235
0.196,-0.118,0.905,-8.179,14.160,-1.282
0.204,-0.095,0.908,-6.409,10.620,1.099
0.195,-0.108,0.894,-3.296,5.859,3.479
0.179,-0.071,0.930,-0.427,1.892,5.249
0.153,-0.112,0.909,3.052,-1.221,6.592
0.104,-0.094,0.933,4.517,-0.244,4.761
0.115,-0.119,0.940,5.798,2.197,3.601
0.120,-0.127,0.964,5.859,6.287,0.610
0.135,-0.147,0.971,4.944,10.376,-2.502
0.147,-0.142,0.997,3.174,14.282,-5.066
0.173,-0.158,0.998,1.038,17.334,-6.653
0.191,-0.155,1.005,-1.648,18.860,-7.446
0.211,-0.175,0.992,-4.211,18.677,-7.019
0.229,-0.161,0.992,-6.897,17.029,-6.226

-0.609,-1.553,1.649,44.983,-129.761,93.994
-0.327,-1.673,1.907,-16.846,-97.961,53.528
-0.075,-1.691,2.071,-67.078,-87.219,18.066
0.158,-1.477,2.216,-82.031,-98.328,-1.648
0.187,-1.204,2.498,-40.405,-127.319,-16.113
0.112,-1.167,2.815,44.983,-159.302,-33.264
0.021,-1.436,2.870,146.423,-186.890,-54.871
-0.262,-1.913,2.796,231.873,-200.500,-86.670
-0.620,-2.629,2.681,275.635,-183.533,-135.620
-0.853,-3.124,2.452,265.747,-123.718,-203.064
-0.800,-3.371,2.022,206.482,-17.944,-271.973
-0.442,-3.198,1.485,111.450,119.995,-330.933
0.126,-2.550,1.157,9.644,264.343,-370.544
0.908,-1.939,0.954,-68.970,376.282,-382.385
1.581,-1.351,0.881,-117.798,432.739,-373.291
1.984,-0.862,0.913,-139.526,429.016,-341.370
2.156,-0.382,1.062,-142.029,372.253,-284.485
2.117,-0.049,1.177,-126.709,274.353,-205.078
1.912,0.047,1.194,-95.642,153.259,-114.685
1.559,0.019,1.145,-57.068,30.518,-26.184
1.113,-0.119,1.081,-19.775,-76.477,52.551
0.624,-0.341,0.994,10.498,-159.546,117.310
0.139,-0.596,0.984,29.602,-212.158,162.903
-0.236,-0.874,1.004,35.339,-237.976,187.866
-0.528,-1.056,0.895,29.724,-241.577,187.561
-0.947,-1.070,0.829,16.174,-218.323,162.231
-1.115,-0.903,0.855,0.183,-168.396,124.878
-1.110,-0.835,0.895,-6.042,-110.352,83.923
-0.961,-0.899,1.012,-5.371,-46.814,42.603
-0.746,-1.108,1.170,3.113,11.169,1.892
-0.488,-1.452,1.312,17.761,60.486,-37.048
-0.267,-1.755,1.362,32.410,102.051,-72.449
-0.078,-1.803,1.356,33.508,137.085,-96.008
0.168,-1.561,1.320,16.785,161.621,-97.656
0.420,-1.200,1.307,-6.714,167.114,-76.782
0.549,-0.823,1.248,-25.330,148.682,-43.213
0.617,-0.451,1.296,-34.302,108.582,-7.202
0.528,-0.315,1.231,-30.640,51.514,24.475
0.328,-0.150,1.194,-22.766,-5.920,44.983
0.165,-0.150,1.040,-8.362,-61.584,60.547
-0.036,-0.136,0.906,3.601,-100.708,64.026
-0.236,-0.186,0.731,13.489,-118.408,59.998
-0.417,-0.151,0.659,22.522,-110.840,41.931
-0.442,0.005,0.701,32.349,-84.106,17.395
-0.337,0.002,0.733,45.776,-51.636,-1.892
-0.277,-0.074,0.766,57.556,-16.907,-20.630
-0.215,-0.109,0.860,63.232,17.883,-36.316
-0.056,-0.181,0.931,62.805,48.035,-42.908
0.148,-0.223,1.021,55.786,70.618,-42.480
0.340,-0.235,1.085,45.227,80.383,-38.391
0.436,-0.163,1.147,34.485,75.012,-34.241
0.497,-0.127,1.141,25.085,58.044,-26.306
0.462,-0.079,1.133,18.005,36.011,-18.005
0.400,-0.070,1.079,12.329,13.977,-9.766
0.322,-0.064,1.038,8.362,-3.784,-2.563
0.241,-0.092,0.974,6.592,-15.625,2.808
0.143,-0.115,0.969,6.470,-20.508,5.005
0.092,-0.167,0.932,7.385,-19.348,4.333
0.044,-0.212,0.922,8.179,-13.367,1.282
0.037,-0.238,0.930,7.507,-3.967,-3.357
0.027,-0.275,0.941,7.690,6.409,-9.705
0.049,-0.321,0.973,7.019,18.311,-17.090
0.100,-0.372,1.000,5.493,29.602,-22.766
0.185,-0.419,1.056,2.869,38.391,-26.245
0.274,-0.471,1.090,-1.160,42.114,-27.344
0.322,-0.479,1.117,-7.690,40.955,-23.804
0.343,-0.475,1.118,-14.587,36.011,-16.541
0.312,-0.473,1.066,-20.691,28.870,-8.789
0.279,-0.454,1.029,-24.658,23.743,-2.502
0.235,-0.429,0.988,-25.085,20.264,1.465
0.201,-0.393,0.951,-22.644,19.287,3.662
0.177,-0.374,0.930,-18.982,20.325,5.920
0.157,-0.347,0.920,-15.259,21.606,8.606
0.142,-0.303,0.916,-12.085,22.034,11.963
0.140,-0.265,0.920,-9.460,21.484,15.686
0.133,-0.256,0.915,-6.409,19.043,18.921
0.113,-0.263,0.908,-4.639,14.832,21.179
0.090,-0.266,0.896,-4.089,10.315,21.545
0.077,-0.266,0.885,-4.456,7.141,19.653
0.076,-0.263,0.875,-5.798,6.042,16.357
0.092,-0.249,0.873,-7.996,5.981,13.550
0.120,-0.237,0.869,-9.705,5.615,11.963
0.142,-0.226,0.864,-10.681,5.188,11.108
0.166,-0.230,0.861,-10.803,4.761,10.681
0.183,-0.234,0.866,-11.047,4.395,11.353
0.197,-0.230,0.882,-11.597,4.028,13.245
0.196,-0.227,0.904,-11.536,3.662,15.320
0.195,-0.238,0.922,-11.047,3.357,16.602
0.188,-0.263,0.931,-11.292,3.174,16.357
0.182,-0.286,0.935,-12.024,3.174,15.564
0.180,-0.302,0.935,-13.306,4.089,14.648
0.190,-0.308,0.934,-15.259,5.493,13.123
0.198,-0.301,0.931,-17.273,6.531,11.108
0.196,-0.287,0.922,-18.127,7.202,9.033
0.203,-0.277,0.922,-18.188,8.301,7.751
0.213,-0.279,0.927,-17.212,9.216,7.202
0.216,-0.291,0.932,-16.602,9.888,7.935
0.227,-0.308,0.937,-16.235,10.193,9.644
0.236,-0.322,0.944,-17.395,10.498,11.841
0.240,-0.315,0.945,-19.531,10.010,13.916
0.236,-0.294,0.942,-22.278,8.972,14.832
0.226,-0.242,0.940,-23.743,7.324,13.672
0.216,-0.217,0.923,-24.048,6.226,11.658
0.210,-0.227,0.901,-23.193,5.127,11.719
0.207,-0.211,0.911,-21.057,4.150,11.719
0.176,-0.165,0.911,-18.494,3.906,10.864
0.194,-0.163,0.922,-16.296,3.784,11.841
0.189,-0.150,0.925,-13.855,3.235,10.986
0.164,-0.168,0.900,-12.329,2.686,10.376
0.115,-0.150,0.904,-11.780,5.554,8.057
0.112,-0.152,0.904,-11.658,12.024,5.554
0.153,-0.157,0.930,-11.475,19.714,1.831
0.228,-0.159,0.962,-11.719,24.841,-1.892
0.293,-0.155,0.998,-12.329,23.865,-3.357
0.315,-0.149,1.012,-13.245,17.151,-3.357
0.319,-0.154,1.007,-14.282,9.277,-2.014
0.307,-0.156,1.000,-15.198,2.991,0.183
0.291,-0.174,0.982,-16.113,-0.366,2.197
0.270,-0.186,0.965,-17.456,-0.305,3.601

-0.581,-2.036,1.558,59.143,-224.609,-29.114
-0.756,-2.700,1.817,98.816,-179.810,-52.979
-0.634,-3.215,2.024,131.165,-104.126,-79.651
-0.349,-3.467,2.178,153.625,-16.052,-113.586
0.133,-3.505,2.204,150.208,69.031,-164.490
0.582,-3.281,1.993,113.708,133.789,-226.746
0.922,-2.709,1.693,58.105,177.002,-276.062
1.274,-2.005,1.488,5.798,198.792,-289.856
1.588,-1.355,1.471,-32.532,196.350,-266.541
1.771,-0.722,1.575,-53.284,166.077,-216.431
1.799,-0.220,1.675,-51.575,107.483,-151.306
1.730,-0.016,1.710,-33.264,24.414,-79.102
1.502,-0.256,1.595,-10.620,-70.801,-5.188
1.043,-0.692,1.384,2.869,-158.875,59.082
0.487,-1.120,1.179,2.258,-217.163,104.614
-0.054,-1.400,0.976,-12.634,-236.755,132.751
-0.495,-1.484,0.846,-35.645,-219.604,144.531
-0.809,-1.519,0.833,-56.946,-173.218,139.343
-0.971,-1.696,0.899,-66.406,-112.244,118.164
-0.993,-1.908,1.005,-60.120,-45.715,81.482
-0.876,-1.911,1.141,-43.579,18.372,39.795
-0.613,-1.764,1.216,-26.917,70.190,8.667
-0.294,-1.555,1.218,-16.235,101.929,-5.798
0.007,-1.307,1.224,-11.719,110.229,-7.935
0.204,-1.004,1.251,-9.521,97.412,-0.549
0.304,-0.720,1.290,-7.629,69.946,17.700
0.339,-0.568,1.295,-4.089,32.410,44.312
0.285,-0.540,1.216,-0.427,-9.216,69.702
0.155,-0.523,1.090,0.671,-47.668,84.595
-0.036,-0.440,0.949,-0.183,-75.073,85.083
-0.232,-0.314,0.830,-0.244,-85.632,73.181
-0.355,-0.203,0.763,2.502,-77.515,54.688
-0.406,-0.133,0.750,8.423,-53.833,33.203
-0.400,-0.121,0.786,14.954,-19.287,11.047
-0.352,-0.173,0.790,17.517,22.705,-7.446
-0.163,-0.160,0.990,15.076,68.298,-21.545
0.197,-0.041,1.245,13.306,94.421,-30.029
0.463,-0.029,1.243,14.099,86.792,-33.386
0.529,-0.021,1.298,8.911,64.026,-32.959
0.481,-0.030,1.224,5.615,32.776,-27.527
0.408,-0.074,1.137,3.723,7.202,-18.738
0.316,-0.009,1.052,2.991,-7.080,-13.000
0.195,-0.031,0.910,5.493,-11.780,-8.057
0.103,0.016,0.884,10.254,-4.517,-7.996
0.081,0.001,0.879,19.287,7.263,-9.399
0.100,-0.088,0.917,29.724,18.921,-11.536
0.172,-0.179,1.028,36.682,27.771,-14.343
0.256,-0.319,1.070,38.086,28.076,-11.230
0.304,-0.358,1.133,30.212,22.888,-4.395
0.328,-0.351,1.158,18.982,11.719,2.380
0.314,-0.296,1.165,9.949,-0.916,4.150
0.259,-0.255,1.131,5.432,-10.620,2.075
0.223,-0.256,1.102,3.113,-14.404,-0.305
0.195,-0.293,1.054,2.075,-11.108,-2.686
0.188,-0.319,1.035,0.916,-1.709,-5.249
0.200,-0.348,1.016,-0.977,9.949,-7.996
0.236,-0.359,1.004,-3.174,21.118,-9.766
0.275,-0.352,0.994,-5.371,29.114,-10.254
0.287,-0.326,0.975,-7.690,32.471,-9.399
0.283,-0.302,0.952,-9.155,32.593,-6.104
0.283,-0.274,0.933,-9.888,30.518,-1.343
0.270,-0.245,0.908,-9.338,25.879,4.211
0.233,-0.215,0.878,-7.629,19.958,8.362
0.201,-0.203,0.855,-5.371,14.404,11.230
0.189,-0.198,0.845,-2.747,9.888,13.062
0.180,-0.240,0.793,-0.244,6.287,13.428
0.175,-0.191,0.823,0.549,4.944,13.245
0.183,-0.203,0.783,1.160,2.808,15.930
0.185,-0.171,0.826,1.892,2.014,18.799
0.193,-0.184,0.828,2.441,0.061,22.949
0.179,-0.201,0.845,2.747,-3.479,25.940
0.153,-0.222,0.851,1.953,-6.897,26.794
0.132,-0.240,0.849,0.244,-8.911,24.780
0.103,-0.241,0.853,-1.587,-8.911,19.470
0.095,-0.233,0.856,-2.747,-6.165,13.123
0.116,-0.227,0.862,-3.479,-1.587,8.118
0.142,-0.215,0.874,-3.296,2.686,5.249
0.153,-0.212,0.884,-2.197,5.615,3.357
0.160,-0.211,0.903,-0.305,7.263,1.343
0.168,-0.230,0.916,1.709,7.751,-0.427
0.170,-0.241,0.925,3.235,8.423,-2.502
0.166,-0.239,0.940,3.601,10.193,-4.333
0.171,-0.240,0.947,4.089,13.000,-7.080
0.190,-0.244,0.958,4.272,16.541,-10.010
0.212,-0.248,0.979,3.784,19.409,-11.841
0.241,-0.262,1.001,1.892,21.545,-11.658
0.284,-0.273,1.017,-1.343,22.522,-8.667
0.325,-0.280,1.038,-6.104,21.912,-3.906
0.347,-0.266,1.044,-11.353,18.616,1.770
0.360,-0.250,1.038,-16.174,13.977,8.301
0.351,-0.232,1.022,-19.531,8.667,13.306
0.329,-0.213,1.003,-20.752,4.211,16.174
0.308,-0.219,0.974,-20.752,2.014,17.883
0.291,-0.215,0.960,-21.362,2.930,18.372
0.286,-0.228,0.951,-21.545,5.554,19.043
0.289,-0.233,0.969,-22.400,9.338,20.142
0.325,-0.252,0.984,-23.499,12.085,21.973
0.367,-0.240,1.008,-24.963,11.902,24.536
0.401,-0.232,1.029,-25.879,7.629,28.564
0.390,-0.234,1.043,-25.452,-0.244,33.569
0.353,-0.252,1.037,-24.231,-8.179,38.879
0.317,-0.285,1.029,-22.644,-13.794,43.396
0.276,-0.320,1.023,-22.705,-16.174,46.570
0.246,-0.334,1.038,-23.682,-15.808,48.523
0.234,-0.348,1.059,-24.353,-13.794,49.561
0.230,-0.364,1.096,-24.353,-11.597,48.889
0.221,-0.400,1.130,-23.315,-9.827,47.668
0.232,-0.432,1.176,-21.729,-7.812,46.082
0.250,-0.462,1.214,-19.897,-6.409,44.067
0.286,-0.489,1.249,-17.944,-5.798,41.626
0.315,-0.525,1.274,-16.479,-5.981,40.161
0.315,-0.571,1.286,-16.418,-6.775,40.466
0.331,-0.616,1.292,-18.127,-6.775,41.992
0.349,-0.639,1.278,-21.912,-7.263,43.274
0.349,-0.629,1.246,-26.123,-9.277,42.908
0.330,-0.580,1.185,-29.846,-12.085,42.419
0.309,-0.519,1.125,-32.654,-14.648,42.480
0.304,-0.465,1.082,-31.860,-16.907,41.565
0.290,-0.425,1.033,-27.771,-20.325,40.039

-0.091,-1.812,1.716,102.112,-133.118,-20.874
0.125,-2.551,1.973,127.075,-114.075,-8.240
0.225,-2.956,2.114,112.610,-100.159,-16.724
0.115,-2.953,2.214,82.764,-85.144,-51.819
0.023,-2.777,2.173,57.129,-60.669,-92.590
0.015,-2.542,2.071,44.250,-22.461,-129.272
0.038,-2.343,1.937,43.091,21.606,-158.447
0.147,-2.259,1.790,46.997,63.110,-179.749
0.299,-2.179,1.563,48.584,94.543,-200.317
0.463,-1.935,1.337,43.518,119.934,-224.548
0.605,-1.638,1.136,36.987,144.348,-245.056
0.822,-1.406,0.993,32.166,165.649,-248.901
1.020,-1.138,0.944,30.273,174.438,-234.802
1.178,-0.908,0.990,34.851,161.804,-202.759
1.202,-0.785,1.064,48.401,125.122,-152.283
1.035,-0.757,1.134,64.636,69.946,-86.243
0.847,-0.886,1.135,77.332,3.845,-14.221
0.591,-1.063,1.070,81.665,-65.796,44.922
0.243,-1.134,0.971,76.355,-129.822,79.651
-0.160,-1.130,0.834,66.345,-176.819,91.736
-0.496,-1.104,0.667,55.359,-198.792,88.135
-0.748,-1.041,0.526,45.166,-192.749,71.472
-0.867,-0.962,0.479,36.865,-161.072,48.828
-0.805,-0.906,0.484,33.081,-114.990,27.405
-0.664,-0.915,0.565,33.875,-64.941,7.568
-0.508,-1.028,0.705,37.231,-19.775,-7.935
-0.360,-1.311,0.846,39.917,16.907,-16.846
-0.177,-1.609,0.967,38.147,47.058,-22.461
0.038,-1.783,1.022,29.114,70.251,-28.931
0.211,-1.746,1.038,11.597,83.862,-34.912
0.354,-1.570,1.072,-10.132,86.548,-33.630
0.468,-1.377,1.125,-28.931,77.087,-22.705
0.482,-1.173,1.188,-41.565,56.824,-7.935
0.436,-1.131,1.026,-46.326,27.466,6.897
0.238,-0.904,1.136,-48.157,2.747,15.686
0.086,-0.833,1.083,-47.302,-14.160,24.414
-0.026,-0.693,1.006,-43.396,-21.790,29.846
-0.072,-0.651,1.101,-37.659,-19.470,27.893
-0.132,-0.579,1.124,-31.738,-12.146,15.930
-0.094,-0.591,1.115,-28.931,-1.465,7.690
-0.049,-0.531,1.151,-30.640,11.780,0.671
0.021,-0.459,1.179,-32.593,24.292,-6.958
0.070,-0.384,1.180,-33.691,33.630,-14.160
0.092,-0.307,1.230,-33.447,40.466,-19.775
0.188,-0.294,1.228,-29.724,43.152,-23.132
0.219,-0.238,1.225,-24.963,42.480,-27.039
0.281,-0.224,1.238,-20.813,35.583,-23.865
0.279,-0.255,1.235,-18.188,25.696,-15.747
0.306,-0.287,1.265,-20.020,16.846,-4.822
0.307,-0.310,1.253,-24.658,4.944,2.625
0.223,-0.263,1.275,-30.212,-7.324,5.432
0.139,-0.258,1.152,-32.776,-18.738,5.371
-0.009,-0.179,1.087,-33.386,-21.729,1.831
-0.049,-0.139,1.016,-30.090,-15.198,-1.404
-0.060,-0.142,0.976,-20.813,-2.502,-5.615
-0.014,-0.191,0.986,-10.132,13.062,-9.888
0.018,-0.295,1.007,-1.465,26.611,-10.559
0.084,-0.366,1.030,0.427,37.842,-4.456
0.150,-0.390,1.034,-3.296,44.983,5.005
0.196,-0.414,1.040,-7.080,46.143,13.794
0.240,-0.411,1.041,-8.423,40.833,20.203
0.232,-0.438,1.028,-8.423,31.250,22.949
0.219,-0.479,1.012,-8.240,20.020,23.926
0.176,-0.470,1.010,-7.996,9.155,23.987
0.124,-0.458,0.977,-9.277,1.526,24.109
0.080,-0.416,0.923,-11.108,-1.038,25.574
0.053,-0.341,0.910,-12.329,0.122,28.198
0.052,-0.310,0.889,-11.780,2.319,30.212
0.035,-0.286,0.891,-9.338,3.967,30.090
0.036,-0.300,0.908,-7.507,4.822,29.602
0.041,-0.312,0.916,-8.118,3.235,29.968
0.013,-0.264,0.911,-11.047,-0.366,29.663
-0.026,-0.226,0.884,-12.451,-4.028,27.954
-0.041,-0.234,0.873,-11.597,-5.127,25.024
-0.026,-0.259,0.872,-9.644,-3.784,20.630
0.008,-0.280,0.889,-8.240,-1.587,15.625
0.033,-0.286,0.904,-6.470,-0.244,9.705
0.063,-0.315,0.904,-4.822,0.610,4.211
0.089,-0.348,0.908,-5.005,1.709,0.610
0.111,-0.367,0.915,-8.118,2.991,-0.427
0.114,-0.371,0.914,-12.085,5.066,1.160
0.129,-0.367,0.904,-16.418,7.629,3.906
0.139,-0.346,0.900,-19.653,9.033,6.165
0.140,-0.321,0.903,-20.630,7.996,7.935
0.121,-0.319,0.910,-18.921,4.944,8.972
0.088,-0.360,0.919,-15.625,2.319,9.827
0.064,-0.409,0.921,-12.573,1.892,10.132
0.057,-0.425,0.940,-12.024,3.723,9.338
0.057,-0.412,0.970,-11.658,6.531,7.690
0.069,-0.426,0.975,-9.644,9.888,5.432
0.055,-0.436,1.002,-5.798,13.794,2.441
0.091,-0.499,1.026,-2.136,18.616,1.099
0.115,-0.556,1.069,-0.732,22.949,0.183
0.145,-0.604,1.097,-2.991,25.085,0.854
0.161,-0.623,1.098,-7.324,25.391,2.197
0.162,-0.632,1.080,-11.963,24.902,3.479
0.158,-0.640,1.047,-16.418,24.658,4.944
0.166,-0.650,1.035,-19.836,25.757,6.653
0.210,-0.670,1.028,-22.766,28.015,10.681
0.253,-0.701,1.016,-25.635,28.015,16.296
0.256,-0.713,1.004,-28.076,24.658,21.484
0.226,-0.721,0.969,-29.053,20.874,25.208
0.213,-0.704,0.903,-29.297,20.630,27.649
0.222,-0.651,0.877,-29.907,24.048,29.785
0.264,-0.618,0.883,-29.053,27.588,35.034
0.339,-0.604,0.894,-26.550,27.954,44.250
0.373,-0.570,0.908,-22.583,22.705,55.420
0.325,-0.542,0.918,-16.846,13.000,66.223
0.238,-0.572,0.934,-9.338,4.456,75.623
0.181,-0.633,0.940,-3.052,-0.366,81.482
0.098,-0.675,0.898,-1.648,-2.075,77.698
-0.003,-0.653,0.853,-5.554,1.709,65.491
-0.025,-0.573,0.837,-11.963,13.733,51.758
0.005,-0.503,0.838,-15.869,29.480,39.429
0.094,-0.470,0.861,-16.663,44.983,30.823
0.234,-0.440,0.921,-16.418,56.702,29.480
0.317,-0.387,0.958,-16.907,62.500,35.217
0.387,-0.350,0.961,-16.541,63.538,45.227
0.370,-0.344,0.913,-15.198,62.561,55.725

0.130,-1.453,1.029,-129.944,-205.933,-94.360
0.022,-1.701,1.169,-72.937,-223.633,-91.248
-0.101,-2.105,1.287,5.676,-228.333,-81.421
-0.261,-2.555,1.411,89.966,-211.853,-85.754
-0.377,-2.879,1.526,162.598,-169.067,-100.525
-0.350,-3.132,1.589,212.402,-105.530,-119.202
-0.182,-3.265,1.675,229.065,-28.687,-143.860
0.134,-3.202,1.690,214.600,47.668,-169.128
0.505,-2.911,1.671,178.528,114.258,-190.674
0.803,-2.479,1.634,131.897,164.673,-201.294
0.991,-2.125,1.583,87.402,192.932,-195.801
1.181,-1.855,1.522,49.438,199.890,-182.617
1.405,-1.462,1.422,18.494,186.218,-176.392
1.551,-0.990,1.364,-1.587,159.851,-171.265
1.615,-0.617,1.356,-7.629,125.305,-149.536
1.698,-0.480,1.347,-1.160,81.970,-106.384
1.633,-0.568,1.288,8.850,29.419,-54.260
1.386,-0.718,1.191,16.602,-26.367,-6.226
1.003,-0.857,1.127,18.066,-78.491,34.119
0.577,-1.065,1.015,12.878,-120.178,70.007
0.123,-1.201,0.931,0.427,-146.606,97.168
-0.214,-1.300,0.843,-15.137,-156.799,109.680
-0.441,-1.347,0.725,-33.142,-154.907,105.774
-0.620,-1.312,0.603,-53.528,-143.616,91.064
-0.672,-1.232,0.494,-70.557,-124.634,74.158
-0.627,-1.124,0.448,-80.444,-99.121,58.044
-0.547,-1.052,0.484,-80.994,-71.716,45.227
-0.437,-1.058,0.561,-74.097,-45.044,41.992
-0.361,-1.191,0.692,-60.791,-21.423,43.762
-0.349,-1.420,0.843,-42.908,0.671,41.016
-0.329,-1.644,0.973,-22.156,25.513,31.738
-0.247,-1.702,1.059,-6.348,53.711,20.325
-0.114,-1.584,1.103,-2.930,77.881,10.620
-0.029,-1.433,1.111,-12.512,89.539,2.075
0.048,-1.176,1.144,-28.137,88.928,-3.967
0.088,-1.011,1.056,-41.016,77.515,-6.531
0.150,-0.746,1.126,-47.974,61.707,-8.728
0.171,-0.748,0.990,-45.105,37.598,-4.761
0.113,-0.472,1.000,-38.696,18.555,-4.639
0.130,-0.540,0.905,-29.785,1.526,-0.061
0.170,-0.393,0.945,-18.127,-11.719,-3.052
0.109,-0.396,0.817,-7.324,-21.912,-7.385
-0.011,-0.298,0.863,0.427,-17.517,-11.292
-0.023,-0.292,0.865,8.911,-1.221,-12.390
0.021,-0.363,0.883,16.907,23.560,-13.916
0.115,-0.380,0.968,19.958,51.941,-18.799
0.315,-0.402,1.063,19.287,72.327,-22.278
0.550,-0.463,1.170,13.611,75.867,-20.996
0.601,-0.399,1.183,5.005,59.387,-19.531
0.576,-0.329,1.162,-3.235,32.959,-13.733
0.493,-0.321,1.074,-7.507,7.568,-4.517
0.406,-0.295,1.002,-8.728,-9.338,2.930
0.319,-0.310,0.932,-7.629,-18.799,8.423
0.226,-0.339,0.857,-5.676,-20.874,10.620
0.142,-0.350,0.823,-4.272,-14.832,9.827
0.135,-0.379,0.833,-2.869,-4.028,8.362
0.147,-0.421,0.837,-0.244,5.798,5.371
0.138,-0.463,0.845,1.709,13.672,1.221
0.145,-0.503,0.867,1.953,20.508,-1.831
0.224,-0.544,0.878,0.610,26.062,-3.174
0.271,-0.564,0.878,-2.319,28.625,-4.333
0.276,-0.571,0.847,-6.226,28.870,-5.371
0.286,-0.553,0.834,-9.949,30.212,-4.639
0.324,-0.525,0.813,-11.658,31.860,-2.502
0.361,-0.492,0.817,-11.230,31.128,0.793
0.388,-0.476,0.818,-8.972,26.245,5.188
0.361,-0.451,0.811,-5.615,18.311,9.644
0.312,-0.424,0.804,-2.258,9.521,14.648
0.265,-0.402,0.812,1.526,3.113,18.616
0.222,-0.406,0.805,6.592,-2.197,20.691
0.186,-0.400,0.816,10.620,-5.859,20.081
0.144,-0.398,0.811,13.367,-8.972,17.212
0.099,-0.390,0.810,14.832,-10.986,13.245
0.078,-0.402,0.792,15.015,-10.986,9.277
0.076,-0.411,0.776,12.817,-7.629,5.981
0.093,-0.416,0.777,8.484,-2.136,3.113
0.121,-0.408,0.789,3.662,3.845,0.793
0.165,-0.398,0.806,-0.366,8.484,-0.122
0.195,-0.385,0.808,-3.357,10.254,-0.244
0.203,-0.376,0.792,-5.310,9.583,-1.221
0.198,-0.382,0.768,-5.737,8.484,-2.625
0.210,-0.379,0.757,-6.104,9.094,-3.174
0.224,-0.386,0.743,-6.348,10.254,-3.296
0.235,-0.383,0.746,-5.798,11.230,-3.479
0.247,-0.395,0.749,-3.723,11.475,-3.845
0.264,-0.412,0.754,-0.793,11.414,-3.845
0.289,-0.418,0.780,1.160,10.925,-3.052
0.301,-0.426,0.800,2.380,9.705,-1.953
0.291,-0.425,0.814,2.502,7.751,-1.282
0.280,-0.428,0.833,2.563,5.981,-0.916
0.262,-0.445,0.847,1.709,4.700,-1.038
0.249,-0.465,0.858,-0.061,4.272,-1.709
0.245,-0.471,0.872,-2.686,4.822,-2.625
0.250,-0.469,0.890,-6.165,5.859,-2.319
0.253,-0.454,0.908,-9.644,6.592,-0.793
0.260,-0.453,0.914,-11.719,6.165,0.671
0.264,-0.456,0.914,-13.306,4.028,0.671
0.259,-0.462,0.906,-13.977,0.916,-0.610
0.250,-0.471,0.897,-13.977,-0.916,-1.343
0.249,-0.485,0.887,-13.733,-0.793,-1.709
0.259,-0.495,0.886,-13.611,1.038,-1.770
0.282,-0.497,0.903,-13.550,3.601,-1.404
0.329,-0.500,0.936,-13.733,5.188,0.854
0.379,-0.500,0.976,-14.587,3.601,5.249
0.393,-0.492,1.002,-15.259,-2.563,9.766
0.374,-0.489,1.010,-16.052,-10.986,13.855
0.333,-0.497,0.997,-16.357,-19.104,16.968
0.289,-0.514,0.974,-17.395,-23.499,19.043
0.253,-0.535,0.955,-19.409,-23.132,19.714
0.243,-0.543,0.943,-22.217,-18.677,19.531
0.258,-0.535,0.946,-25.024,-12.329,19.470
0.274,-0.525,0.956,-27.771,-7.324,19.165
0.286,-0.516,0.957,-29.602,-5.127,18.066
0.289,-0.499,0.972,-29.663,-4.578,16.541
0.297,-0.502,0.991,-28.137,-5.737,15.930
0.294,-0.529,1.019,-24.902,-7.568,15.747
0.294,-0.566,1.042,-21.240,-9.644,15.686
0.300,-0.636,1.049,-19.165,-11.902,15.930
0.308,-0.678,1.065,-19.653,-13.794,15.686

-0.037,-1.323,1.483,-145.630,-122.620,24.292
0.175,-1.374,1.727,-163.330,-158.264,29.297
0.091,-1.417,1.901,-134.277,-200.378,29.968
-0.115,-1.546,1.989,-78.979,-228.821,32.532
-0.291,-1.761,2.063,-16.541,-228.699,45.410
-0.496,-2.033,2.152,50.293,-198.425,45.715
-0.566,-2.173,2.311,111.816,-141.541,21.545
-0.462,-2.267,2.398,155.640,-73.364,-23.193
-0.319,-2.393,2.425,178.101,-4.578,-80.200
-0.067,-2.473,2.385,178.223,61.096,-133.301
0.242,-2.484,2.241,154.480,118.042,-176.208
0.509,-2.358,1.945,109.009,162.354,-214.294
0.750,-1.915,1.635,53.711,197.937,-248.108
1.023,-1.482,1.389,7.935,225.586,-267.578
1.391,-1.148,1.171,-20.996,240.173,-266.724
1.672,-0.845,0.986,-36.682,236.145,-247.192
1.932,-0.561,0.929,-41.504,209.290,-202.881
2.077,-0.288,1.034,-36.133,154.541,-131.958
1.992,-0.180,1.141,-18.860,67.078,-40.466
1.648,-0.341,1.081,6.897,-44.006,54.016
1.058,-0.600,0.974,30.457,-155.090,132.263
0.424,-0.986,0.729,45.349,-247.375,182.312
-0.206,-1.181,0.505,45.288,-304.077,196.716
-0.805,-1.202,0.287,35.767,-316.528,179.871
-1.278,-1.036,0.233,23.926,-279.846,143.127
-1.433,-0.831,0.338,17.334,-202.759,101.196
-1.282,-0.771,0.501,21.423,-106.018,59.021
-0.999,-0.939,0.770,30.518,-8.728,16.724
-0.550,-1.328,1.065,37.659,72.876,-21.057
-0.076,-1.823,1.321,37.170,129.944,-54.932
0.365,-2.219,1.446,27.527,163.818,-83.435
0.662,-2.203,1.385,8.728,180.969,-95.947
0.885,-1.770,1.278,-19.531,182.190,-81.055
0.990,-1.233,1.131,-45.837,160.828,-42.664
0.955,-0.812,1.045,-59.570,118.591,2.075
0.791,-0.510,1.001,-58.899,59.143,43.884
0.538,-0.327,0.983,-43.640,-10.681,80.994
0.239,-0.386,0.859,-19.592,-78.369,108.948
-0.172,-0.438,0.797,2.869,-125.488,120.117
-0.542,-0.517,0.628,18.066,-136.597,109.009
-0.533,-0.552,0.654,29.724,-120.056,78.735
-0.663,-0.551,0.554,39.185,-87.402,40.955
-0.506,-0.483,0.754,34.302,-26.733,8.240
-0.305,-0.475,0.747,33.203,30.334,-18.188
0.004,-0.370,0.957,25.879,81.848,-39.124
0.329,-0.233,1.102,17.883,110.779,-47.424
0.617,-0.145,1.216,12.878,112.305,-39.429
0.800,-0.146,1.330,12.207,89.844,-23.560
0.817,-0.199,1.312,15.015,51.880,-11.169
0.670,-0.217,1.296,15.869,11.597,-0.671
0.472,-0.243,1.218,12.512,-17.517,12.634
0.287,-0.294,1.124,9.338,-31.189,23.376
0.128,-0.337,1.068,6.470,-29.175,26.855
0.025,-0.401,1.020,5.554,-15.991,24.353
0.020,-0.476,0.996,4.944,2.075,17.822
0.068,-0.533,0.972,3.845,18.372,8.423
0.084,-0.546,0.949,1.343,28.687,-1.831
0.136,-0.550,0.929,-1.221,35.034,-9.216
0.188,-0.544,0.929,-2.502,38.269,-14.038
0.289,-0.545,0.939,-1.709,37.231,-15.015
0.380,-0.547,0.960,-0.061,31.494,-11.841
0.370,-0.586,0.880,0.977,23.010,-5.859
0.281,-0.522,0.866,-0.854,19.775,-0.671
0.279,-0.473,0.885,-1.709,23.804,5.493
0.306,-0.532,0.806,0.244,27.344,10.681
0.289,-0.385,0.936,-0.244,28.564,11.902
0.257,-0.387,0.890,1.648,22.644,16.113
0.217,-0.338,0.908,4.700,13.977,18.616
0.169,-0.321,0.897,8.728,2.563,20.569
0.076,-0.327,0.879,11.902,-6.287,22.034
-0.000,-0.332,0.862,13.428,-8.972,20.935
-0.044,-0.352,0.866,13.733,-4.456,16.357
-0.014,-0.383,0.885,11.719,5.066,10.132
0.055,-0.383,0.909,8.484,14.587,4.272
0.142,-0.349,0.926,3.967,19.653,0.793
0.209,-0.299,0.934,0.061,18.982,-0.061
0.261,-0.257,0.942,-1.343,13.000,1.892
0.283,-0.250,0.941,-0.122,3.052,5.920
0.249,-0.263,0.936,2.686,-7.996,10.986
0.183,-0.289,0.941,5.676,-15.869,15.686
0.148,-0.348,0.932,7.324,-19.043,19.287
0.085,-0.390,0.911,7.507,-18.005,18.921
0.023,-0.408,0.903,5.432,-11.963,14.709
0.018,-0.415,0.898,3.174,-2.686,8.301
0.045,-0.432,0.903,1.770,8.057,0.977
0.098,-0.468,0.891,0.305,18.127,-5.310
0.151,-0.492,0.864,-2.441,26.733,-11.108
0.211,-0.479,0.843,-6.714,33.142,-14.893
0.272,-0.476,0.829,-11.719,36.621,-14.771
0.308,-0.430,0.853,-16.663,37.842,-10.864
0.365,-0.397,0.871,-20.325,34.607,-4.639
0.396,-0.371,0.906,-20.752,26.245,0.732
0.407,-0.371,0.919,-20.386,14.648,5.859
0.364,-0.354,0.922,-19.287,2.625,9.644
0.304,-0.355,0.900,-17.212,-5.188,12.512
0.251,-0.368,0.875,-14.709,-6.836,13.794
0.227,-0.395,0.875,-12.939,-3.662,13.245
0.210,-0.427,0.882,-12.146,1.953,10.925
0.204,-0.456,0.896,-12.695,8.850,8.423
0.215,-0.478,0.907,-14.465,14.832,6.531
0.252,-0.474,0.928,-17.029,18.372,4.761
0.294,-0.417,0.969,-18.250,18.188,4.089
0.341,-0.408,0.978,-18.066,13.062,5.493
0.341,-0.399,0.999,-16.418,5.188,7.202
0.374,-0.412,1.022,-15.198,-3.784,9.766
0.376,-0.451,1.028,-13.794,-13.306,13.062
0.340,-0.457,1.037,-14.282,-21.484,16.785
0.299,-0.499,1.014,-15.076,-27.161,20.386
0.260,-0.513,1.014,-16.541,-29.053,21.851
0.237,-0.529,1.013,-18.555,-28.625,22.644
0.218,-0.543,1.016,-20.142,-26.917,21.973
0.227,-0.557,1.025,-21.057,-25.024,20.386
0.244,-0.573,1.024,-21.423,-24.231,19.226
0.273,-0.571,1.024,-21.240,-24.353,18.738
0.303,-0.592,1.017,-20.691,-26.306,19.104
0.327,-0.629,1.018,-19.531,-28.809,20.081
0.348,-0.657,1.016,-18.799,-31.555,21.362
0.337,-0.690,0.989,-18.738,-36.255,21.484
0.310,-0.703,0.949,-19.531,-39.795,19.653

-0.151,-2.127,1.559,16.418,-195.740,11.536
-0.313,-2.426,1.770,59.143,-191.345,10.254
-0.410,-2.823,2.036,98.511,-172.058,11.353
-0.276,-3.278,2.484,139.587,-142.212,0.000
-0.093,-3.569,2.645,181.274,-113.953,-41.687
0.061,-3.366,2.718,201.294,-76.477,-105.042
0.141,-3.108,2.490,191.345,-29.663,-164.307
0.363,-2.732,2.369,154.724,30.334,-197.205
0.645,-2.462,2.024,106.812,86.487,-201.538
0.979,-1.830,2.006,53.955,133.057,-193.909
1.194,-1.881,1.760,8.606,156.006,-167.053
1.307,-1.359,1.524,-30.579,153.198,-156.311
1.313,-0.600,1.870,-56.091,125.366,-137.329
1.345,-0.704,1.597,-62.744,69.702,-90.271
1.030,-0.800,1.364,-60.181,7.751,-48.218
0.713,-0.806,1.235,-60.486,-35.034,-7.629
0.342,-0.893,1.121,-53.223,-64.087,24.780
0.068,-1.016,1.121,-45.227,-73.120,51.392
-0.129,-1.273,0.914,-36.438,-74.646,66.528
-0.205,-1.665,1.042,-34.424,-56.274,63.538
-0.758,-1.179,1.288,-28.625,-49.927,42.114
-0.527,-1.978,1.052,-11.414,-63.904,46.997
-0.714,-1.634,1.150,-13.062,-37.964,18.311
-0.700,-1.683,1.083,-7.996,-14.160,5.554
-0.533,-1.316,1.070,-9.399,4.211,-11.963
-0.380,-1.216,0.895,-11.963,16.418,-17.212
-0.248,-1.002,0.908,-18.982,27.222,-18.860
-0.263,-1.003,0.547,-25.757,34.546,-14.526
-0.216,-0.656,0.783,-37.170,59.143,-15.137
0.008,-0.233,0.963,-34.424,67.261,-6.287
0.332,-0.335,1.078,-16.602,38.330,15.991
0.363,-0.390,1.005,-6.836,-1.709,31.128
0.126,-0.442,0.934,-2.869,-43.396,37.292
-0.054,-0.336,0.971,-3.479,-69.763,34.485
-0.243,-0.400,0.812,0.366,-84.106,30.945
-0.275,-0.354,0.891,-0.549,-73.792,23.254
-0.340,-0.393,0.823,0.305,-55.786,12.390
-0.366,-0.401,0.799,-0.854,-30.701,4.150
-0.302,-0.333,0.883,-5.127,-0.977,-1.160
-0.166,-0.351,0.938,-4.639,18.616,-3.479
-0.034,-0.351,0.998,-4.578,24.475,-6.409
0.013,-0.343,0.999,-4.822,16.724,-9.827
0.024,-0.333,0.979,-5.554,3.052,-10.620
-0.002,-0.297,0.970,-5.798,-10.498,-7.996
-0.011,-0.264,0.969,-4.761,-21.179,-3.662
-0.026,-0.282,0.939,-0.916,-28.870,1.831
-0.052,-0.294,0.934,2.625,-31.616,7.629
-0.085,-0.299,0.941,5.798,-31.250,12.756
-0.120,-0.315,0.950,9.766,-28.381,16.663
-0.140,-0.365,0.973,13.367,-23.071,19.531
-0.134,-0.437,1.015,15.991,-17.029,20.081
-0.138,-0.488,1.061,17.700,-13.794,16.052
-0.144,-0.516,1.085,17.273,-13.428,9.216
-0.157,-0.535,1.085,14.832,-14.282,2.136
-0.164,-0.545,1.072,10.681,-13.611,-2.869
-0.143,-0.543,1.054,5.310,-10.071,-5.920
-0.104,-0.508,1.018,-0.122,-6.165,-8.667
-0.067,-0.458,0.986,-4.517,-2.869,-10.803
-0.026,-0.408,0.962,-7.996,-0.916,-10.742
0.006,-0.358,0.949,-10.132,-1.465,-8.362
0.027,-0.316,0.931,-10.742,-4.761,-4.089
0.029,-0.289,0.923,-10.681,-9.399,1.709
0.026,-0.282,0.930,-9.827,-15.686,8.667
0.004,-0.286,0.938,-8.667,-24.048,14.160
-0.052,-0.306,0.928,-7.751,-32.898,17.273
-0.126,-0.345,0.917,-7.935,-39.429,18.616
-0.196,-0.370,0.907,-9.094,-41.260,17.639
-0.246,-0.386,0.895,-11.230,-39.001,14.893
-0.269,-0.394,0.883,-12.512,-33.264,10.681
-0.268,-0.387,0.872,-12.939,-25.818,5.737
-0.256,-0.373,0.873,-11.902,-17.944,0.366
-0.242,-0.352,0.878,-8.606,-10.559,-4.150
-0.216,-0.344,0.894,-3.662,-4.517,-7.263
-0.188,-0.350,0.919,2.686,0.732,-8.179
-0.166,-0.368,0.945,10.254,4.944,-7.080
-0.136,-0.406,0.987,18.372,8.911,-3.906
-0.085,-0.525,1.082,25.085,11.536,0.488
-0.019,-0.641,1.176,26.123,9.888,5.066
-0.038,-0.717,1.222,21.362,2.686,7.812
-0.065,-0.749,1.277,10.681,-5.859,10.864
-0.089,-0.751,1.300,-2.136,-13.855,14.954
-0.124,-0.740,1.290,-13.245,-20.630,18.860
-0.156,-0.727,1.269,-21.973,-25.208,22.278
-0.193,-0.721,1.248,-28.687,-27.588,25.513
-0.219,-0.717,1.218,-33.813,-27.344,27.649
-0.239,-0.721,1.185,-36.560,-25.208,27.832
-0.250,-0.723,1.141,-37.354,-21.606,25.635
-0.248,-0.719,1.105,-37.659,-16.174,21.729
-0.235,-0.706,1.077,-38.208,-9.583,18.494
-0.193,-0.679,1.053,-39.307,-3.906,16.846
-0.164,-0.665,1.034,-41.626,-0.061,17.334
-0.161,-0.630,1.020,-45.715,2.747,20.630
-0.157,-0.564,1.031,-50.171,5.310,26.550
-0.127,-0.516,1.048,-53.040,6.409,33.020
-0.114,-0.491,1.061,-53.650,3.845,37.415
-0.147,-0.492,1.065,-52.185,-1.282,37.781
-0.177,-0.504,1.061,-50.476,-5.859,35.095
-0.193,-0.529,1.049,-48.706,-8.972,29.236
-0.248,-0.569,1.029,-48.096,-9.033,20.508
-0.280,-0.583,1.001,-49.683,-2.930,11.475
-0.240,-0.541,0.986,-51.758,9.521,3.723
-0.167,-0.475,0.981,-51.636,23.254,-2.014
-0.085,-0.408,0.983,-49.011,33.203,-4.883
0.009,-0.348,0.978,-43.640,37.354,-5.371
0.063,-0.316,0.966,-35.828,34.363,-4.639
0.056,-0.321,0.953,-27.466,26.917,-3.601
0.036,-0.334,0.928,-20.691,20.081,-1.099
0.028,-0.336,0.923,-15.808,15.930,3.723
-0.000,-0.330,0.937,-12.695,13.855,8.728
-0.041,-0.360,0.965,-10.193,13.489,13.245
-0.057,-0.392,0.979,-8.667,14.648,16.479
-0.068,-0.382,0.994,-8.728,16.113,16.174
-0.095,-0.348,0.975,-9.521,16.479,13.306
-0.098,-0.289,0.956,-9.277,17.639,9.033
-0.092,-0.244,0.937,-7.446,19.165,4.089
-0.096,-0.224,0.908,-3.418,20.874,-1.404
-0.105,-0.220,0.879,0.671,23.804,-6.165
-0.082,-0.197,0.879,3.540,29.419,-10.681
-0.038,-0.152,0.902,5.798,35.339,-14.404

-0.057,-1.822,1.694,142.029,-195.923,5.920
-0.136,-2.236,2.050,209.900,-189.819,-30.762
-0.286,-2.934,2.368,267.334,-172.424,-68.176
-0.393,-3.510,2.576,296.204,-131.042,-103.760
-0.282,-3.693,2.551,286.743,-69.641,-140.625
0.009,-3.576,2.423,245.667,0.427,-181.702
0.392,-3.061,2.172,188.049,65.063,-232.849
0.782,-2.416,1.996,132.935,114.563,-269.958
1.221,-1.672,1.951,92.102,137.634,-274.719
1.595,-0.827,2.060,71.838,124.939,-245.789
1.774,-0.111,2.144,73.547,74.463,-191.040
1.808,0.210,2.172,86.670,-6.042,-122.070
1.541,-0.081,1.838,97.229,-99.243,-50.476
1.143,-0.627,1.624,92.224,-173.950,9.033
0.604,-1.152,1.359,71.472,-225.769,51.636
0.014,-1.529,1.137,34.119,-245.178,72.205
-0.461,-1.803,0.843,-6.348,-236.816,77.759
-0.804,-1.887,0.609,-43.579,-202.820,68.115
-1.022,-1.788,0.415,-72.937,-149.963,46.143
-1.050,-1.557,0.318,-89.844,-85.632,19.836
-0.875,-1.316,0.227,-91.248,-22.827,-5.432
-0.604,-1.085,0.237,-80.383,30.823,-27.405
-0.327,-0.866,0.265,-59.631,70.129,-44.983
-0.048,-0.703,0.347,-32.532,92.529,-54.749
0.138,-0.597,0.467,-3.357,100.647,-58.167
0.227,-0.595,0.657,24.170,101.074,-54.260
0.231,-0.680,0.879,47.729,95.032,-43.823
0.165,-0.868,1.104,66.040,85.327,-29.236
0.099,-1.198,1.334,79.163,76.843,-13.000
0.007,-1.572,1.499,86.853,72.510,0.244
-0.069,-1.850,1.607,84.900,73.792,8.301
-0.101,-1.937,1.636,70.984,76.477,13.611
-0.101,-1.839,1.592,45.288,78.125,20.630
-0.104,-1.614,1.492,13.062,74.707,29.236
-0.087,-1.312,1.330,-16.968,65.491,37.415
-0.080,-0.974,1.153,-38.574,52.002,44.678
-0.069,-0.641,1.052,-48.889,35.583,50.842
-0.037,-0.501,0.876,-48.950,14.893,58.655
-0.058,-0.215,1.007,-42.908,-3.601,64.819
0.010,-0.314,0.662,-30.579,-29.785,77.820
-0.190,-0.183,0.789,-21.301,-40.405,74.951
-0.169,-0.217,0.721,-16.724,-43.518,73.914
-0.170,-0.316,0.705,-9.705,-44.312,68.665
-0.203,-0.197,0.725,-10.681,-33.997,55.237
-0.197,-0.162,0.701,-11.108,-21.545,45.959
-0.176,-0.129,0.751,-11.292,-5.371,35.706
-0.096,-0.148,0.814,-10.193,9.583,28.442
0.007,-0.225,0.896,-9.338,19.897,23.560
0.065,-0.247,0.960,-10.376,22.949,18.738
0.094,-0.332,0.969,-11.719,19.348,18.066
0.075,-0.391,0.984,-14.648,15.320,18.433
0.059,-0.445,0.986,-17.212,12.512,18.677
0.062,-0.490,0.995,-19.836,11.902,18.188
0.089,-0.528,0.974,-22.583,12.268,17.578
0.100,-0.512,1.003,-25.024,13.245,15.259
0.110,-0.507,0.998,-25.391,12.512,12.634
0.091,-0.505,1.006,-24.353,13.306,9.155
0.086,-0.521,1.036,-21.240,15.320,5.188
0.093,-0.543,1.060,-17.517,16.479,1.099
0.106,-0.568,1.076,-15.198,18.066,-2.075
0.111,-0.566,1.070,-15.381,19.470,-3.113
0.136,-0.539,1.088,-17.456,20.020,-2.380
0.180,-0.513,1.089,-20.325,18.250,0.061
0.208,-0.503,1.070,-23.071,13.062,3.174
0.196,-0.470,1.039,-27.039,5.554,5.798
0.146,-0.434,0.966,-31.128,-1.343,7.263
0.086,-0.377,0.922,-34.912,-3.418,8.057
0.057,-0.333,0.871,-37.659,-1.587,8.850
0.049,-0.295,0.841,-39.490,2.258,9.460
0.056,-0.262,0.818,-39.551,6.287,9.216
0.076,-0.229,0.814,-37.781,8.606,8.301
0.091,-0.216,0.809,-34.119,9.338,6.836
0.092,-0.209,0.816,-29.175,8.728,5.127
0.094,-0.207,0.829,-24.231,7.996,3.967
0.112,-0.220,0.846,-19.592,7.935,4.272
0.138,-0.230,0.875,-15.869,7.324,5.432
0.155,-0.259,0.883,-13.306,5.859,7.141
0.140,-0.290,0.884,-12.939,4.944,8.606
0.154,-0.318,0.893,-13.794,5.493,10.254
0.172,-0.359,0.898,-15.747,6.104,10.498
0.164,-0.356,0.893,-18.738,5.554,7.751
0.159,-0.331,0.877,-21.240,3.906,4.700
0.166,-0.303,0.868,-22.705,2.441,2.869
0.176,-0.286,0.858,-22.339,0.854,2.380
0.187,-0.284,0.850,-20.264,-0.793,2.319
0.193,-0.288,0.846,-17.578,-2.014,2.014
0.194,-0.303,0.848,-14.404,-2.991,1.587
0.187,-0.308,0.849,-12.024,-3.357,0.488
0.173,-0.319,0.846,-9.644,-2.808,-1.465
0.166,-0.322,0.849,-7.935,-0.977,-3.418
0.166,-0.325,0.853,-7.202,1.404,-5.981
0.170,-0.326,0.854,-8.240,4.211,-7.446
0.187,-0.336,0.869,-9.033,5.798,-7.568
0.192,-0.338,0.875,-9.644,5.371,-8.179
0.191,-0.338,0.877,-9.827,3.235,-8.484
0.200,-0.334,0.891,-10.010,0.732,-7.935
0.203,-0.335,0.899,-9.460,-2.319,-5.981
0.206,-0.333,0.908,-9.766,-5.737,-3.174
0.210,-0.333,0.917,-9.827,-9.338,-0.427
0.201,-0.337,0.926,-9.766,-13.000,2.075
0.181,-0.344,0.929,-9.155,-16.357,3.906
0.153,-0.353,0.935,-8.850,-17.700,5.249
0.135,-0.371,0.949,-8.728,-16.785,6.042
0.130,-0.396,0.973,-8.789,-13.977,6.104
0.138,-0.422,1.004,-8.301,-10.864,5.371
0.167,-0.457,1.038,-7.568,-8.789,4.578
0.185,-0.493,1.065,-7.507,-9.216,4.150
0.197,-0.512,1.086,-8.179,-11.292,5.005
0.188,-0.535,1.109,-9.033,-14.038,7.019
0.162,-0.570,1.123,-9.583,-15.808,10.071
0.128,-0.614,1.124,-10.010,-15.503,12.695
0.082,-0.651,1.119,-11.230,-12.024,14.343
0.047,-0.679,1.107,-13.489,-4.272,15.747
-0.009,-0.679,1.071,-16.357,9.216,16.968
-0.021,-0.630,1.036,-19.714,31.067,19.897
0.010,-0.611,1.026,-20.874,59.692,26.001
0.072,-0.624,1.046,-20.081,92.957,34.546
0.347,-0.705,1.182,-19.836,123.352,44.861
0.629,-0.735,1.287,-22.339,134.338,48.401

0.707,-0.561,1.318,-30.334,95.947,27.954
0.698,-0.507,1.289,-32.593,65.857,20.325
0.604,-0.482,1.234,-33.325,36.804,13.123
0.496,-0.467,1.150,-34.302,15.503,7.080
0.396,-0.417,1.072,-35.645,5.859,3.113
0.322,-0.350,1.007,-36.194,6.409,-0.366
0.275,-0.308,0.963,-35.095,13.489,-2.991
0.267,-0.307,0.939,-33.691,22.461,-6.409
0.272,-0.319,0.929,-33.630,28.931,-12.024
0.272,-0.310,0.911,-35.400,30.640,-19.226
0.270,-0.295,0.890,-37.842,28.137,-26.672
0.270,-0.277,0.857,-40.588,22.461,-32.349
0.265,-0.234,0.821,-43.518,15.991,-35.339
0.249,-0.183,0.789,-44.556,10.071,-35.889
0.240,-0.151,0.775,-42.114,5.432,-34.729
0.219,-0.145,0.782,-36.865,2.747,-30.945
0.223,-0.144,0.814,-30.884,2.014,-24.353
0.218,-0.156,0.861,-24.475,2.197,-16.846
0.226,-0.165,0.902,-19.226,2.075,-9.460
0.262,-0.190,0.953,-15.137,0.122,-3.967
0.265,-0.228,0.985,-12.268,-5.249,-2.136
0.233,-0.252,0.989,-10.742,-13.000,-3.906
0.167,-0.269,0.964,-10.498,-18.616,-8.606
0.112,-0.260,0.939,-10.925,-18.311,-14.160
0.090,-0.241,0.932,-11.841,-11.902,-18.860
0.118,-0.225,0.953,-11.353,-2.808,-22.949
0.160,-0.223,0.977,-9.583,4.333,-26.855
0.198,-0.203,0.999,-7.385,7.690,-30.884
0.206,-0.186,1.006,-4.578,8.423,-34.180
0.192,-0.207,1.017,-1.648,9.338,-37.048
0.179,-0.234,1.032,-0.427,13.306,-38.635
0.230,-0.239,1.047,-1.465,19.226,-38.574
0.294,-0.232,1.062,-3.357,23.010,-36.560
0.356,-0.209,1.083,-5.310,21.729,-32.593
0.383,-0.178,1.093,-6.287,16.235,-27.100
0.381,-0.145,1.094,-5.920,8.301,-20.630
0.350,-0.131,1.096,-3.906,0.977,-13.306
0.321,-0.160,1.105,-0.427,-3.784,-5.615
0.300,-0.206,1.122,2.075,-6.042,0.916
0.268,-0.237,1.119,1.709,-6.531,5.310
0.245,-0.246,1.102,-0.916,-5.066,7.446
0.226,-0.248,1.082,-4.150,-1.953,7.324
0.209,-0.228,1.066,-7.080,1.953,5.981
0.214,-0.206,1.049,-9.216,5.981,3.967
0.216,-0.206,1.029,-10.498,9.277,1.953
0.223,-0.192,1.016,-11.963,12.756,1.099
0.244,-0.182,1.012,-12.817,15.442,1.648
0.251,-0.172,1.012,-12.939,17.273,3.296
0.270,-0.166,1.018,-12.390,18.738,5.737
0.284,-0.168,1.012,-11.597,18.860,7.874
0.289,-0.158,1.013,-10.681,18.005,8.911
0.304,-0.160,1.017,-9.705,17.029,9.338
0.317,-0.174,1.015,-8.728,15.625,8.789
0.311,-0.191,1.001,-9.583,14.709,7.507
0.308,-0.193,0.988,-12.024,15.015,6.897
0.312,-0.186,0.981,-14.771,17.334,6.653
0.309,-0.177,0.972,-16.724,21.667,6.042
0.340,-0.173,0.963,-17.517,26.001,6.409
0.350,-0.160,0.943,-17.761,29.053,6.653
0.329,-0.126,0.931,-18.372,32.166,6.592
0.345,-0.107,0.942,-17.334,34.119,7.812
0.354,-0.102,0.916,-15.320,33.264,9.888
0.346,-0.091,0.911,-13.855,32.043,11.475
0.358,-0.077,0.916,-11.719,29.968,12.634
0.368,-0.073,0.924,-8.118,24.902,13.367
0.358,-0.085,0.921,-4.578,18.311,13.428
0.351,-0.100,0.927,-1.770,11.230,13.794
0.344,-0.150,0.935,-0.916,4.211,16.174
0.313,-0.180,0.934,-4.150,-1.038,20.203
0.301,-0.175,0.921,-11.047,-4.028,24.719
0.287,-0.165,0.899,-18.799,-4.883,28.259
0.262,-0.139,0.871,-26.672,-3.906,29.175
0.253,-0.084,0.852,-32.288,-1.892,27.771
0.264,-0.034,0.839,-34.424,0.305,25.452
0.264,-0.002,0.824,-33.447,1.648,23.132
0.271,0.025,0.814,-30.579,2.258,21.301
0.292,0.047,0.807,-26.489,1.892,20.203
0.317,0.057,0.800,-21.423,-0.305,18.921
0.336,0.063,0.794,-15.808,-4.272,16.907
0.334,0.067,0.776,-10.498,-9.827,13.367
0.316,0.075,0.755,-4.700,-15.381,8.423
0.292,0.080,0.735,1.831,-19.226,3.235
0.267,0.072,0.722,8.118,-20.325,-1.160
0.249,0.056,0.715,12.939,-18.250,-2.991
0.248,0.050,0.712,16.113,-14.343,-2.747
0.256,0.044,0.723,17.883,-9.827,-1.343
0.267,0.034,0.735,18.738,-6.165,0.793
0.294,0.027,0.752,18.921,-4.456,3.113
0.316,0.020,0.762,18.311,-4.761,5.066
0.305,0.012,0.751,17.578,-6.836,5.737
0.271,0.020,0.738,17.334,-8.301,5.066
0.256,0.033,0.751,17.883,-7.690,3.784
0.282,0.053,0.779,18.860,-8.301,2.380
0.312,0.052,0.766,20.142,-12.939,1.587
0.310,0.040,0.749,20.325,-17.395,1.709
0.270,0.029,0.710,19.409,-20.264,2.014
0.215,0.025,0.673,17.639,-18.677,2.991
0.184,0.023,0.656,15.381,-12.329,4.272
0.178,0.018,0.645,12.756,-3.540,4.578
0.205,0.018,0.647,10.071,5.310,4.395
0.253,0.019,0.662,6.775,11.597,4.639
0.303,0.026,0.679,4.211,13.123,5.188
0.331,0.041,0.687,3.113,10.132,6.042
0.342,0.057,0.697,4.211,4.700,7.996
0.348,0.060,0.715,7.202,-1.465,11.536
0.344,0.054,0.722,11.719,-7.874,15.381
0.331,0.044,0.729,16.296,-13.489,18.616
0.313,0.027,0.741,21.179,-17.395,20.386
0.293,0.007,0.749,25.146,-19.653,20.630
0.277,-0.005,0.757,27.466,-20.325,20.020
0.263,-0.015,0.759,28.381,-19.897,18.433
0.245,-0.021,0.757,28.503,-17.578,15.991
0.242,-0.031,0.764,27.771,-13.306,13.428
0.250,-0.053,0.777,25.940,-8.362,11.047
0.257,-0.068,0.783,22.400,-4.028,7.751
0.257,-0.078,0.786,18.372,-0.549,4.150
0.265,-0.090,0.786,13.794,2.563,1.648
0.286,-0.089,0.791,9.338,5.188,0.061
0.300,-0.082,0.790,4.761,6.348,-1.709

0.366,-1.262,1.699,-45.044,-122.742,-10.010
0.319,-1.563,1.786,-31.372,-143.005,7.446
0.104,-1.871,1.771,-14.709,-163.086,30.334
-0.000,-2.079,1.739,2.808,-173.279,57.129
-0.049,-2.200,1.819,27.283,-174.927,78.125
-0.185,-2.236,1.904,65.674,-174.500,79.346
-0.373,-2.166,1.974,116.516,-168.152,60.425
-0.517,-1.994,1.997,171.021,-150.208,27.344
-0.707,-2.094,1.897,220.459,-122.009,-3.418
-0.852,-2.219,1.751,248.352,-79.346,-35.645
-0.818,-2.364,1.549,251.587,-23.254,-70.984
-0.629,-2.365,1.362,233.826,46.570,-116.333
-0.314,-2.256,1.227,199.158,125.732,-165.527
0.057,-2.088,1.044,151.001,198.792,-207.153
0.454,-1.784,0.962,98.206,256.042,-231.445
0.870,-1.429,0.876,51.453,287.354,-230.103
1.204,-1.076,0.928,17.456,288.391,-203.674
1.355,-0.789,1.043,-0.732,255.859,-157.410
1.344,-0.637,1.181,-4.395,193.420,-102.173
1.217,-0.666,1.208,-1.099,107.239,-46.570
0.967,-0.808,1.075,0.732,11.902,3.174
0.665,-0.946,0.904,-3.479,-74.829,43.945
0.348,-1.017,0.739,-10.620,-141.479,72.754
0.022,-1.057,0.576,-16.663,-185.059,86.670
-0.272,-1.072,0.495,-20.874,-202.332,87.585
-0.469,-1.099,0.455,-23.682,-195.374,80.139
-0.540,-1.106,0.450,-28.015,-170.044,67.566
-0.575,-1.073,0.487,-32.227,-133.545,51.147
-0.589,-1.020,0.558,-34.241,-92.346,32.715
-0.527,-0.974,0.631,-34.241,-51.270,14.771
-0.410,-0.929,0.689,-32.593,-15.320,-1.038
-0.286,-0.871,0.736,-30.945,12.573,-13.489
-0.150,-0.810,0.778,-30.029,33.203,-20.752
-0.013,-0.749,0.826,-28.992,46.265,-21.240
0.085,-0.699,0.876,-27.222,50.842,-16.235
0.130,-0.666,0.924,-24.353,46.936,-7.996
0.131,-0.675,0.984,-18.921,36.987,1.465
0.121,-0.762,1.060,-12.207,22.339,11.353
0.047,-0.935,1.040,-4.761,4.211,18.127
-0.034,-1.135,1.128,1.099,-8.728,19.348
-0.165,-1.228,1.168,4.578,-16.357,14.526
-0.178,-1.349,1.099,4.822,-16.785,6.775
-0.328,-1.269,1.036,0.122,-7.141,-2.014
-0.275,-1.243,1.000,-10.071,15.259,-1.465
-0.164,-1.082,1.004,-20.020,37.598,-2.441
-0.057,-0.955,0.973,-28.992,51.575,-0.732
0.060,-0.744,0.989,-37.231,56.580,1.831
0.140,-0.580,0.983,-40.039,48.889,7.996
0.184,-0.490,0.972,-37.476,31.799,17.700
0.204,-0.469,0.956,-31.616,10.803,28.137
0.192,-0.472,0.914,-25.818,-10.071,36.316
0.119,-0.447,0.879,-21.667,-28.259,41.199
0.039,-0.458,0.832,-17.334,-40.894,44.006
-0.053,-0.465,0.773,-13.489,-45.044,42.908
-0.141,-0.448,0.750,-10.132,-39.490,37.659
-0.181,-0.443,0.746,-7.141,-26.001,30.334
-0.177,-0.444,0.753,-4.944,-9.521,21.851
-0.148,-0.424,0.786,-4.333,6.409,13.611
-0.094,-0.403,0.822,-2.869,18.494,6.287
-0.043,-0.370,0.869,0.000,25.696,0.183
-0.028,-0.387,0.844,3.967,27.771,-3.967
-0.007,-0.444,0.916,6.653,29.724,-6.592
0.012,-0.467,0.890,8.667,26.917,-8.423
0.022,-0.512,0.918,8.850,24.109,-6.287
0.024,-0.522,0.911,7.385,21.729,-4.333
0.028,-0.536,0.912,7.202,20.935,-2.441
0.020,-0.555,0.903,7.568,21.240,-1.648
0.014,-0.550,0.920,8.057,23.804,-2.380
0.042,-0.594,0.922,9.521,26.367,-2.869
0.060,-0.607,0.943,9.644,28.259,-3.357
0.074,-0.596,0.950,8.423,27.527,-3.235
0.108,-0.607,0.951,7.446,23.987,-1.526
0.124,-0.598,0.980,5.615,18.860,1.160
0.112,-0.594,0.933,3.113,11.292,4.944
0.071,-0.566,0.915,-0.122,6.287,7.812
0.032,-0.546,0.875,-2.869,3.723,9.460
0.013,-0.520,0.846,-5.188,4.211,9.460
0.018,-0.497,0.832,-6.531,6.165,8.057
0.010,-0.482,0.811,-7.568,7.751,6.287
0.002,-0.456,0.808,-8.484,9.521,4.761
0.010,-0.432,0.804,-8.240,10.315,3.418
0.029,-0.412,0.810,-7.080,9.949,2.319
0.050,-0.398,0.823,-5.249,7.812,1.892
0.052,-0.404,0.826,-2.808,4.639,2.502
0.043,-0.417,0.836,-1.221,1.526,4.028
0.032,-0.433,0.842,-0.305,-0.732,5.981
0.024,-0.445,0.848,-0.061,-1.709,7.080
0.014,-0.457,0.838,-0.366,-1.404,6.958
0.019,-0.474,0.838,-0.854,0.183,6.592
0.032,-0.473,0.840,-1.404,2.014,6.226
0.046,-0.469,0.841,-2.258,3.052,5.493
0.046,-0.470,0.841,-2.441,2.747,4.150
0.044,-0.469,0.840,-2.136,2.625,3.479
0.046,-0.470,0.838,-1.892,2.258,3.113
0.043,-0.474,0.835,-1.221,2.014,2.686
0.046,-0.478,0.836,0.244,1.831,1.587
0.055,-0.481,0.835,1.282,2.014,0.366
0.055,-0.488,0.839,2.502,1.343,-0.366
0.060,-0.508,0.852,3.296,0.793,-0.305
0.065,-0.523,0.863,2.808,0.122,0.977
0.061,-0.519,0.865,0.977,-0.305,2.014
0.058,-0.503,0.865,-1.099,-0.916,2.197
0.054,-0.479,0.862,-2.686,-0.977,1.648
0.049,-0.461,0.852,-2.869,-0.793,0.854
0.043,-0.448,0.848,-2.441,-0.366,0.305
0.042,-0.438,0.845,-1.648,0.366,-0.061
0.044,-0.439,0.839,-0.305,0.610,-0.244
0.045,-0.444,0.842,1.404,0.916,-0.366
0.047,-0.454,0.847,2.380,1.160,-0.488
0.054,-0.459,0.851,2.502,1.038,-0.366
0.061,-0.458,0.861,2.380,0.366,0.183
0.060,-0.461,0.868,2.563,-0.732,0.427
0.053,-0.462,0.873,3.174,-1.526,0.671
0.045,-0.467,0.870,3.540,-1.953,1.221
0.042,-0.475,0.866,3.784,-1.648,1.709
0.040,-0.481,0.865,3.418,-1.160,1.648
0.042,-0.480,0.865,2.808,-0.366,1.404
0.045,-0.476,0.865,1.953,0.305,1.465
0.053,-0.474,0.867,1.221,0.671,1.587

-0.090,-1.494,1.509,5.310,-144.714,0.244
-0.116,-1.717,1.500,3.784,-158.752,11.108
-0.251,-1.978,1.515,14.893,-165.771,8.850
-0.466,-2.281,1.575,41.687,-160.706,-3.662
-0.637,-2.542,1.661,83.435,-140.564,-18.066
-0.751,-2.729,1.747,134.155,-106.323,-32.898
-0.819,-2.878,1.728,181.396,-63.354,-50.232
-0.900,-2.982,1.684,213.684,-12.817,-71.655
-0.816,-3.000,1.658,224.487,44.312,-100.891
-0.593,-2.980,1.477,211.914,100.281,-138.062
-0.267,-2.778,1.411,176.697,156.433,-185.608
0.125,-2.511,1.250,129.639,204.834,-225.647
0.486,-2.136,1.144,77.698,241.638,-243.408
0.870,-1.694,1.146,29.785,259.949,-235.901
1.226,-1.288,1.179,-1.892,249.634,-206.970
1.400,-0.955,1.251,-16.541,208.008,-161.438
1.378,-0.733,1.289,-14.404,137.207,-105.530
1.232,-0.690,1.226,0.854,48.340,-46.509
1.025,-0.825,1.114,19.165,-43.396,7.202
0.733,-1.000,0.953,31.067,-127.380,50.293
0.346,-1.089,0.800,32.898,-193.787,79.468
-0.068,-1.117,0.669,27.283,-233.521,93.994
-0.448,-1.120,0.559,20.203,-242.371,95.032
-0.748,-1.089,0.496,13.672,-221.558,83.740
-0.895,-1.020,0.480,8.301,-177.551,65.002
-0.853,-0.954,0.509,4.883,-120.544,43.457
-0.688,-0.912,0.589,3.052,-62.683,22.217
-0.489,-0.873,0.674,1.648,-16.968,3.418
-0.335,-0.851,0.767,1.343,13.306,-9.338
-0.218,-0.884,0.865,1.282,31.189,-13.611
-0.092,-0.937,0.974,0.793,38.574,-10.742
-0.030,-0.980,1.070,-0.305,35.767,-6.226
-0.051,-1.098,1.126,-1.099,27.588,-3.052
-0.052,-1.273,1.178,-1.038,20.935,-0.977
-0.085,-1.676,1.263,1.221,15.625,1.099
-0.057,-1.847,1.122,1.831,12.939,-5.493
-0.186,-1.751,1.125,-3.418,19.531,-10.803
-0.170,-1.556,0.992,-14.282,32.837,-2.502
-0.111,-1.328,0.952,-23.987,49.805,8.972
-0.074,-1.175,0.870,-29.846,61.584,19.043
0.031,-1.024,0.935,-32.593,62.378,25.757
0.079,-0.839,0.952,-33.997,47.058,27.893
0.100,-0.747,0.981,-33.508,17.029,32.043
0.048,-0.686,0.962,-32.837,-21.240,39.673
-0.011,-0.642,0.949,-32.654,-57.800,49.500
-0.113,-0.625,0.913,-29.907,-86.670,55.420
-0.225,-0.571,0.904,-25.330,-100.098,55.054
-0.311,-0.526,0.886,-19.775,-98.999,48.584
-0.378,-0.491,0.868,-13.672,-85.266,37.720
-0.382,-0.448,0.873,-7.507,-62.378,24.841
-0.332,-0.455,0.855,-1.953,-36.926,12.390
-0.274,-0.468,0.857,1.587,-11.536,1.038
-0.197,-0.483,0.883,3.357,10.864,-6.042
-0.087,-0.505,0.940,4.517,27.588,-8.728
-0.013,-0.503,0.958,4.395,34.668,-8.667
0.021,-0.473,0.998,3.845,32.898,-7.019
0.037,-0.496,0.995,3.906,24.475,-3.052
0.003,-0.481,0.951,3.540,13.367,1.526
-0.054,-0.502,0.896,4.272,3.296,7.568
-0.089,-0.557,0.829,5.981,-2.930,11.597
-0.203,-0.561,0.805,7.812,-3.357,10.986
-0.249,-0.542,0.788,8.850,2.930,9.155
-0.245,-0.564,0.774,10.620,10.559,9.338
-0.208,-0.605,0.790,12.390,19.470,9.216
-0.186,-0.610,0.833,13.428,27.344,6.531
-0.131,-0.674,0.829,13.367,30.457,4.517
-0.068,-0.664,0.884,11.536,29.907,2.136
-0.049,-0.693,0.852,8.240,23.621,1.709
-0.054,-0.698,0.877,2.380,17.578,2.502
-0.048,-0.682,0.841,-3.601,9.705,3.479
-0.073,-0.638,0.825,-8.667,3.540,4.944
-0.092,-0.577,0.820,-12.024,0.916,6.531
-0.091,-0.547,0.807,-12.085,0.244,8.789
-0.090,-0.513,0.801,-10.925,1.038,9.216
-0.094,-0.475,0.811,-8.972,2.319,8.667
-0.081,-0.469,0.821,-6.165,3.662,7.874
-0.070,-0.484,0.825,-3.845,5.371,7.263
-0.069,-0.488,0.829,-3.601,6.775,7.324
-0.060,-0.502,0.832,-4.333,7.996,8.606
-0.058,-0.509,0.848,-5.920,9.033,9.705
-0.045,-0.525,0.848,-8.118,8.362,10.132
-0.048,-0.541,0.846,-11.353,6.653,10.315
-0.060,-0.554,0.832,-15.503,4.333,10.315
-0.079,-0.565,0.828,-19.043,2.563,10.010
-0.094,-0.562,0.817,-20.874,2.625,8.606
-0.091,-0.555,0.806,-22.278,4.395,7.080
-0.083,-0.543,0.805,-22.583,7.080,5.432
-0.081,-0.536,0.795,-21.851,9.949,4.028
-0.066,-0.527,0.797,-20.508,13.123,2.991
-0.054,-0.521,0.800,-19.409,15.991,2.014
-0.042,-0.519,0.808,-17.883,17.944,1.282
-0.025,-0.520,0.820,-17.029,19.409,1.099
-0.009,-0.513,0.832,-16.418,19.348,1.282
0.000,-0.508,0.853,-15.930,17.273,2.075
0.009,-0.521,0.873,-15.808,13.245,5.127
0.008,-0.532,0.893,-16.541,7.568,8.972
-0.002,-0.542,0.909,-18.188,1.221,11.963
-0.033,-0.553,0.911,-20.142,-4.395,12.756
-0.061,-0.552,0.900,-21.973,-7.996,11.536
-0.078,-0.550,0.880,-24.048,-8.240,8.850
-0.089,-0.540,0.858,-25.818,-5.615,5.676
-0.085,-0.524,0.845,-27.466,-0.549,2.625
-0.064,-0.504,0.849,-28.442,5.859,0.488
-0.025,-0.487,0.863,-27.832,11.353,0.061
0.013,-0.471,0.882,-25.635,13.855,1.282
0.042,-0.469,0.898,-22.827,12.146,4.333
0.043,-0.481,0.912,-20.386,7.629,8.667
0.030,-0.494,0.915,-18.616,1.709,13.123
0.002,-0.498,0.912,-18.555,-3.418,15.747
-0.033,-0.499,0.899,-19.836,-6.348,15.991
-0.052,-0.500,0.899,-21.606,-6.958,15.564
-0.053,-0.501,0.897,-23.804,-6.287,14.465
-0.060,-0.491,0.890,-26.855,-5.676,12.756
-0.071,-0.475,0.883,-28.870,-5.310,11.719
-0.074,-0.453,0.876,-29.602,-4.761,11.108
-0.072,-0.411,0.868,-28.381,-4.333,10.498
-0.054,-0.362,0.865,-25.269,-4.150,10.010
-0.020,-0.335,0.872,-20.325,-5.127,10.803
-0.010,-0.338,0.875,-14.526,-7.996,12.390

-0.491,-1.618,0.761,12.390,-172.119,-2.014
-0.385,-2.001,0.791,10.010,-164.612,-13.916
-0.336,-2.381,0.902,17.151,-154.480,-24.536
-0.329,-2.574,1.060,37.354,-140.869,-28.809
-0.275,-2.804,1.203,77.576,-119.812,-25.696
-0.208,-2.747,1.452,127.136,-89.661,-34.058
-0.242,-2.840,1.515,183.044,-60.242,-48.706
-0.290,-2.926,1.639,229.187,-25.574,-72.876
-0.229,-3.000,1.681,254.395,5.676,-97.900
-0.135,-2.969,1.651,255.432,32.959,-126.465
0.020,-2.823,1.620,234.619,59.448,-154.846
0.289,-2.665,1.585,200.256,81.238,-175.110
0.622,-2.444,1.497,157.593,96.924,-183.533
0.841,-2.134,1.431,111.450,104.065,-179.504
0.970,-1.834,1.399,70.129,99.365,-161.194
1.073,-1.599,1.359,39.490,81.726,-132.874
1.083,-1.437,1.275,19.287,49.744,-99.670
0.968,-1.364,1.145,6.042,8.728,-64.270
0.800,-1.358,1.006,-2.441,-34.119,-29.846
0.579,-1.382,0.863,-8.606,-76.294,0.061
0.295,-1.405,0.707,-12.756,-113.892,22.400
-0.022,-1.386,0.564,-16.113,-140.381,35.767
-0.294,-1.322,0.463,-17.761,-152.649,39.917
-0.503,-1.279,0.354,-15.747,-150.330,36.377
-0.705,-1.231,0.271,-11.414,-132.202,27.527
-0.829,-1.152,0.268,-6.592,-97.778,17.456
-0.774,-1.081,0.337,0.366,-54.626,8.057
-0.636,-1.009,0.450,11.108,-14.465,-3.296
-0.482,-0.982,0.550,25.330,15.381,-16.052
-0.354,-0.944,0.685,40.833,34.424,-26.184
-0.194,-1.031,0.843,54.871,40.955,-28.687
-0.107,-1.061,0.907,62.378,37.231,-27.405
-0.117,-1.045,0.971,60.181,29.419,-20.630
-0.095,-1.073,0.974,50.476,21.118,-9.399
-0.140,-1.036,0.976,36.072,17.456,-3.601
-0.174,-1.006,0.977,20.630,18.372,-3.113
-0.156,-0.957,0.977,7.812,20.386,-3.784
-0.154,-0.978,0.865,-1.343,21.484,-5.310
-0.164,-0.897,0.926,-8.789,25.879,-7.446
-0.086,-0.908,0.908,-11.353,25.391,-5.249
-0.043,-0.909,0.863,-10.498,20.447,-3.540
-0.059,-0.889,0.817,-8.972,12.817,-2.380
-0.121,-0.907,0.745,-5.859,4.395,-0.305
-0.149,-0.915,0.750,-2.502,-0.488,1.709
-0.128,-0.945,0.714,1.587,-4.456,1.404
-0.124,-0.903,0.724,3.540,-7.629,-2.014
-0.138,-0.913,0.666,3.601,-12.878,-1.099
-0.177,-0.902,0.661,3.113,-15.930,2.441
-0.198,-0.875,0.656,3.357,-15.076,5.249
-0.208,-0.879,0.655,5.127,-12.573,6.287
-0.201,-0.889,0.658,6.287,-10.742,6.714
-0.215,-0.862,0.679,7.141,-9.949,5.981
-0.222,-0.852,0.674,7.568,-10.254,6.226
-0.238,-0.853,0.676,7.996,-9.644,6.287
-0.251,-0.821,0.661,7.751,-7.812,4.639
-0.247,-0.797,0.656,7.629,-5.005,3.235
-0.233,-0.773,0.652,6.775,-1.892,2.136
-0.212,-0.755,0.664,6.348,0.488,0.916
-0.183,-0.742,0.681,5.676,1.648,-0.366
-0.172,-0.731,0.695,5.127,1.160,-0.549
-0.159,-0.734,0.705,4.089,0.183,0.671
-0.159,-0.743,0.700,2.625,-0.244,1.343
-0.176,-0.735,0.697,0.244,0.305,0.854
-0.192,-0.724,0.685,-1.953,2.930,-0.244
-0.203,-0.718,0.674,-3.479,7.629,-2.441
-0.187,-0.713,0.668,-4.517,13.977,-4.395
-0.148,-0.697,0.672,-5.371,20.142,-5.554
-0.109,-0.693,0.673,-5.981,23.865,-5.310
-0.087,-0.698,0.675,-6.470,24.414,-3.967
-0.074,-0.704,0.669,-6.836,22.095,-2.502
-0.089,-0.669,0.683,-6.531,18.311,-1.282
-0.081,-0.692,0.657,-5.371,13.184,0.488
-0.100,-0.657,0.706,-4.272,9.399,1.038
-0.093,-0.680,0.678,-2.747,4.761,3.235
-0.111,-0.700,0.686,-1.404,1.953,4.517
-0.115,-0.711,0.708,-0.610,0.732,4.944
-0.126,-0.737,0.702,-1.587,-0.122,5.432
-0.137,-0.743,0.698,-5.066,0.549,6.470
-0.142,-0.755,0.687,-10.010,2.136,7.751
-0.144,-0.739,0.698,-14.587,4.456,8.545
-0.123,-0.721,0.708,-17.883,6.470,9.155
-0.114,-0.723,0.685,-19.775,6.531,8.789
-0.131,-0.703,0.674,-20.935,6.531,7.568
-0.143,-0.683,0.677,-20.569,6.897,6.226
-0.145,-0.707,0.673,-18.982,7.202,5.432
-0.152,-0.712,0.675,-17.029,7.812,4.150
-0.127,-0.711,0.674,-15.076,7.935,2.502
-0.136,-0.713,0.679,-13.550,7.446,1.221
-0.126,-0.728,0.679,-12.329,7.202,1.709
-0.126,-0.722,0.689,-11.963,7.263,2.441
-0.110,-0.725,0.693,-12.512,7.385,3.235
-0.109,-0.720,0.704,-13.062,6.897,2.991
-0.096,-0.716,0.713,-14.404,6.226,2.380
-0.093,-0.711,0.716,-15.381,5.676,2.014
-0.084,-0.710,0.717,-16.235,5.371,2.319
-0.079,-0.713,0.716,-16.846,5.127,3.418
-0.079,-0.691,0.720,-17.212,5.066,4.333
-0.082,-0.680,0.724,-16.296,4.822,5.310
-0.087,-0.689,0.729,-14.343,4.395,6.165
-0.091,-0.703,0.742,-12.085,3.906,6.714
-0.101,-0.709,0.749,-10.193,3.235,7.446
-0.107,-0.704,0.768,-9.888,2.686,8.301
-0.115,-0.694,0.772,-10.132,1.221,8.301
-0.127,-0.679,0.770,-9.705,0.061,6.592
-0.136,-0.690,0.754,-9.521,0.183,3.967
-0.137,-0.701,0.749,-9.888,1.892,1.526
-0.129,-0.687,0.737,-10.986,4.639,-0.488
-0.112,-0.667,0.736,-13.123,8.423,-1.404
-0.079,-0.660,0.741,-15.320,11.536,-1.282
-0.050,-0.646,0.755,-17.761,13.062,-0.610
-0.026,-0.632,0.771,-19.104,11.902,0.671
-0.015,-0.625,0.781,-19.470,8.301,2.869
-0.021,-0.627,0.782,-18.921,2.747,4.639
-0.045,-0.633,0.767,-19.165,-2.136,5.859
-0.078,-0.631,0.755,-18.921,-5.371,6.470
-0.102,-0.639,0.752,-18.311,-5.737,7.202
-0.113,-0.653,0.762,-18.250,-4.333,7.202
-0.115,-0.664,0.768,-19.165,-2.197,6.653
-0.110,-0.666,0.775,-20.935,-0.122,5.615

0.313,-1.601,1.255,122.192,-13.550,-122.742
0.479,-1.812,1.304,126.221,-9.094,-114.441
0.512,-1.946,1.307,122.681,-12.573,-111.511
0.445,-2.060,1.301,116.211,-16.724,-119.507
0.346,-2.162,1.260,109.985,-14.282,-130.371
0.304,-2.188,1.210,100.952,0.732,-137.695
0.353,-2.110,1.134,89.722,28.076,-143.738
0.477,-1.928,1.084,78.369,60.486,-149.475
0.681,-1.755,1.028,67.932,85.999,-148.743
0.896,-1.545,1.021,56.946,96.680,-140.930
1.039,-1.350,1.023,51.453,88.867,-127.319
1.095,-1.179,1.054,52.673,65.674,-106.628
1.063,-1.071,1.064,59.326,30.396,-78.857
0.924,-1.049,1.056,67.627,-9.155,-47.363
0.744,-1.116,1.031,72.266,-46.509,-14.221
0.553,-1.196,1.006,69.702,-77.942,15.930
0.323,-1.231,0.976,60.364,-102.539,39.001
0.088,-1.266,0.965,48.340,-119.324,53.711
-0.115,-1.283,0.926,36.682,-125.793,58.777
-0.266,-1.261,0.882,26.062,-121.399,52.063
-0.352,-1.212,0.838,16.541,-107.178,37.537
-0.367,-1.130,0.788,8.728,-85.876,19.714
-0.315,-1.013,0.772,2.197,-59.753,4.089
-0.233,-0.897,0.783,-0.122,-33.325,-6.287
-0.106,-0.867,0.846,4.272,-10.010,-11.719
0.013,-0.972,0.952,13.550,6.775,-13.367
0.118,-1.226,1.095,23.865,15.930,-13.855
0.197,-1.587,1.221,33.386,18.555,-17.090
0.232,-1.953,1.153,37.476,19.287,-26.245
0.269,-1.982,1.182,29.663,27.466,-39.612
0.241,-1.747,0.969,10.925,40.588,-45.898
0.369,-1.442,0.995,-12.268,60.364,-41.077
0.380,-1.059,0.924,-30.273,71.045,-30.701
0.359,-0.789,0.862,-38.269,74.097,-15.503
0.373,-0.453,1.026,-36.011,67.505,-2.014
0.352,-0.386,0.997,-21.240,40.405,14.587
0.321,-0.466,1.031,-3.235,6.042,25.757
0.161,-0.451,0.955,10.864,-31.921,25.635
-0.002,-0.535,0.905,19.226,-62.439,24.414
-0.092,-0.636,0.831,21.851,-74.585,19.958
-0.167,-0.643,0.807,21.301,-66.528,8.118
-0.181,-0.579,0.823,17.212,-44.128,-2.563
-0.083,-0.615,0.820,12.512,-15.991,-6.042
0.020,-0.608,0.846,6.287,12.817,-9.583
0.186,-0.555,0.902,-1.709,35.706,-10.803
0.356,-0.505,0.944,-8.423,45.471,-9.033
0.439,-0.440,0.970,-11.292,41.565,-6.714
0.450,-0.383,0.983,-9.644,28.809,-3.601
0.424,-0.366,0.983,-3.906,12.329,0.793
0.383,-0.401,0.970,4.089,-3.235,6.470
0.310,-0.442,0.961,11.353,-15.259,11.230
0.219,-0.491,0.949,17.578,-22.339,13.916
0.145,-0.566,0.946,22.095,-22.888,14.709
0.108,-0.648,0.955,21.912,-17.395,14.648
0.102,-0.718,0.962,17.334,-9.521,12.512
0.109,-0.747,0.956,9.949,-1.587,7.690
0.121,-0.731,0.936,2.686,6.287,2.075
0.165,-0.692,0.927,-3.296,13.306,-1.953
0.226,-0.662,0.923,-5.798,17.883,-3.174
0.284,-0.637,0.917,-6.409,17.883,-2.808
0.320,-0.595,0.917,-5.920,13.550,-0.916
0.340,-0.583,0.876,-5.554,6.287,3.906
0.345,-0.552,0.888,-6.470,-1.221,10.864
0.291,-0.510,0.819,-7.263,-8.606,17.456
0.273,-0.525,0.855,-7.935,-12.939,23.560
0.214,-0.512,0.784,-7.141,-18.250,26.062
0.117,-0.503,0.756,-6.653,-20.203,27.405
0.052,-0.484,0.741,-6.592,-17.456,27.344
0.034,-0.486,0.742,-4.028,-12.085,24.658
0.036,-0.505,0.752,-1.709,-6.409,20.325
0.052,-0.497,0.786,-0.732,-1.953,15.198
0.075,-0.483,0.804,-1.099,-0.183,10.498
0.101,-0.478,0.817,-1.648,0.244,7.629
0.125,-0.474,0.822,-2.502,0.488,6.714
0.146,-0.466,0.834,-3.662,0.488,7.141
0.164,-0.454,0.849,-4.944,-0.183,9.094
0.194,-0.464,0.863,-6.409,-2.136,12.207
0.191,-0.479,0.861,-8.057,-6.653,15.076
0.169,-0.476,0.859,-9.766,-12.268,17.151
0.136,-0.490,0.848,-9.949,-17.334,18.066
0.109,-0.497,0.837,-10.010,-20.264,18.005
0.075,-0.498,0.812,-10.132,-21.790,16.541
0.052,-0.496,0.792,-9.949,-20.630,13.855
0.051,-0.485,0.784,-9.155,-16.907,10.132
0.083,-0.471,0.789,-7.812,-12.146,6.714
0.130,-0.463,0.804,-5.676,-8.423,4.517
0.160,-0.463,0.825,-3.723,-7.446,3.723
0.182,-0.485,0.835,-1.892,-8.606,4.272
0.175,-0.501,0.843,-2.075,-10.620,6.592
0.155,-0.499,0.841,-3.723,-12.817,8.606
0.124,-0.500,0.830,-5.066,-14.343,8.911
0.093,-0.506,0.821,-6.042,-13.123,7.996
0.082,-0.518,0.815,-6.592,-9.949,6.104
0.091,-0.529,0.813,-7.385,-6.104,3.479
0.107,-0.525,0.815,-9.155,-2.136,0.488
0.126,-0.506,0.817,-10.803,0.366,-1.892
0.134,-0.490,0.816,-12.024,1.282,-2.930
0.133,-0.469,0.826,-11.841,1.831,-3.174
0.126,-0.466,0.828,-10.681,1.221,-2.991
0.120,-0.472,0.823,-8.789,0.244,-2.502
0.126,-0.469,0.825,-7.324,-0.671,-2.625
0.143,-0.467,0.827,-6.226,-2.441,-2.869
0.149,-0.459,0.826,-5.554,-5.310,-2.747
0.150,-0.451,0.825,-4.944,-8.179,-2.014
0.145,-0.449,0.827,-4.211,-10.620,-1.099
0.130,-0.444,0.822,-3.479,-12.573,-0.305
0.115,-0.443,0.815,-2.869,-12.939,-0.366
0.097,-0.441,0.811,-2.136,-11.841,-1.343
0.091,-0.440,0.812,-1.892,-9.827,-1.831
0.096,-0.435,0.819,-1.831,-7.996,-2.319
0.103,-0.429,0.824,-0.793,-6.592,-3.174
0.100,-0.424,0.835,0.549,-6.226,-3.906
0.091,-0.446,0.838,1.892,-6.775,-4.150
0.085,-0.448,0.844,1.831,-6.042,-4.089
0.090,-0.446,0.834,0.671,-4.639,-4.517
0.097,-0.432,0.842,-0.427,-2.441,-5.859
0.116,-0.421,0.844,-0.916,-0.732,-7.141
0.135,-0.414,0.854,-0.854,0.183,-7.141
0.159,-0.418,0.864,-0.916,-0.244,-5.981

0.334,-1.340,1.464,33.569,-42.236,-0.183
0.431,-1.529,1.647,-35.767,-82.214,18.372
0.541,-1.403,1.864,-66.650,-136.841,10.254
0.252,-1.253,1.862,-41.931,-195.679,-14.832
-0.284,-1.405,1.700,9.094,-232.483,-34.119
-0.535,-1.682,1.618,62.866,-226.318,-36.438
-0.757,-2.283,1.521,118.103,-186.523,-36.011
-0.875,-2.484,1.707,164.062,-116.821,-62.073
-0.862,-2.693,1.702,194.397,-37.781,-97.473
-0.627,-2.810,1.685,195.435,45.227,-137.756
-0.254,-2.767,1.604,170.959,120.300,-173.584
0.159,-2.511,1.542,130.920,179.382,-200.317
0.574,-2.108,1.481,85.938,215.210,-210.510
0.984,-1.720,1.421,47.546,222.229,-202.881
1.303,-1.334,1.458,20.447,198.059,-178.467
1.400,-1.004,1.473,6.592,141.663,-138.062
1.308,-0.778,1.498,4.639,64.453,-86.365
1.065,-0.763,1.412,13.184,-21.851,-33.203
0.692,-0.859,1.310,25.208,-100.891,10.437
0.265,-1.005,1.152,34.790,-161.316,42.542
-0.183,-1.158,1.017,39.063,-195.435,58.228
-0.558,-1.240,0.891,37.659,-200.928,56.396
-0.824,-1.275,0.791,32.349,-180.908,40.894
-0.947,-1.266,0.735,25.024,-140.747,18.127
-0.904,-1.243,0.701,16.785,-90.515,-3.357
-0.748,-1.182,0.719,7.629,-39.856,-20.325
-0.561,-1.129,0.757,0.427,0.427,-32.166
-0.381,-1.109,0.814,-2.319,28.564,-39.307
-0.236,-1.125,0.879,-0.183,44.434,-42.175
-0.144,-1.208,0.941,5.615,51.147,-41.504
-0.070,-1.338,1.002,11.902,52.307,-37.964
-0.021,-1.451,1.053,16.479,49.866,-32.837
-0.017,-1.507,1.060,18.066,45.471,-26.855
-0.026,-1.521,1.075,16.235,41.077,-20.325
-0.062,-1.475,1.014,11.719,35.889,-13.550
-0.070,-1.378,1.047,4.944,31.494,-7.019
-0.152,-1.216,1.014,-2.625,26.245,-3.845
-0.096,-1.089,0.997,-9.277,18.677,0.061
-0.139,-0.991,0.959,-12.207,5.798,1.160
-0.201,-0.856,0.926,-15.320,-2.808,0.671
-0.205,-0.809,0.839,-13.367,-9.583,1.160
-0.233,-0.756,0.809,-9.460,-11.047,-1.404
-0.263,-0.764,0.741,-5.005,-7.629,-4.700
-0.300,-0.734,0.741,-0.977,2.258,-9.949
-0.270,-0.722,0.735,2.625,15.625,-12.512
-0.198,-0.733,0.743,4.211,28.381,-12.817
-0.131,-0.722,0.748,3.479,37.354,-14.709
-0.086,-0.685,0.760,0.793,40.649,-15.381
-0.012,-0.639,0.785,-2.075,39.368,-14.099
0.058,-0.576,0.806,-3.479,32.349,-11.292
0.098,-0.514,0.835,-2.625,19.287,-6.348
0.098,-0.458,0.851,1.099,2.869,-1.770
0.068,-0.421,0.848,7.629,-14.160,1.953
0.018,-0.426,0.833,15.015,-28.870,4.456
-0.030,-0.464,0.823,20.813,-37.415,5.432
-0.075,-0.519,0.798,24.170,-39.368,4.150
-0.105,-0.579,0.790,23.743,-34.424,0.854
-0.117,-0.643,0.776,19.226,-23.315,-2.441
-0.059,-0.695,0.755,10.681,-8.301,-4.456
0.004,-0.707,0.735,-0.793,7.019,-7.446
0.050,-0.677,0.705,-12.024,19.470,-10.498
0.094,-0.622,0.701,-20.569,28.931,-12.329
0.113,-0.602,0.665,-24.841,34.729,-11.169
0.102,-0.558,0.673,-25.146,37.720,-8.118
0.132,-0.568,0.690,-22.522,36.926,-2.502
0.160,-0.582,0.700,-18.677,29.968,2.991
0.135,-0.568,0.714,-14.099,17.822,6.226
0.102,-0.590,0.692,-9.094,4.089,8.728
0.034,-0.568,0.725,-3.601,-7.141,10.010
-0.001,-0.607,0.721,1.404,-15.015,11.353
-0.071,-0.617,0.732,6.042,-18.738,10.925
-0.105,-0.620,0.799,9.705,-17.334,10.681
-0.056,-0.633,0.884,13.000,-14.343,11.597
-0.047,-0.695,0.881,14.099,-14.587,13.489
-0.060,-0.657,0.912,10.437,-14.343,13.306
-0.078,-0.652,0.884,6.958,-14.771,12.329
-0.105,-0.626,0.865,3.845,-12.451,8.911
-0.108,-0.594,0.849,2.319,-7.751,4.822
-0.093,-0.578,0.845,2.686,-2.319,1.343
-0.069,-0.569,0.847,3.906,2.686,-1.221
-0.041,-0.566,0.868,5.737,6.714,-2.686
-0.006,-0.584,0.885,7.996,7.690,-3.235
0.035,-0.612,0.901,9.338,4.761,-3.113
0.049,-0.637,0.901,9.277,-1.160,-2.197
0.039,-0.643,0.888,7.751,-7.935,-0.427
0.020,-0.639,0.874,6.165,-13.184,1.709
-0.001,-0.630,0.861,4.761,-15.869,3.174
-0.036,-0.627,0.816,4.272,-15.930,3.235
-0.054,-0.583,0.823,3.540,-12.512,2.502
-0.053,-0.586,0.829,4.517,-8.484,2.686
-0.049,-0.586,0.858,6.653,-4.883,2.319
-0.042,-0.609,0.883,9.216,-2.930,1.282
-0.037,-0.636,0.912,10.681,-1.648,0.122
-0.051,-0.655,0.928,10.315,-0.610,-0.610
-0.050,-0.670,0.944,7.935,1.282,-0.427
-0.040,-0.693,0.957,3.967,3.784,-0.244
-0.034,-0.711,0.956,-0.671,5.005,-0.549
-0.056,-0.715,0.946,-5.554,5.249,-0.793
-0.057,-0.716,0.937,-9.644,6.104,-0.732
-0.054,-0.718,0.927,-12.024,6.409,-0.854
-0.060,-0.713,0.911,-13.550,5.798,-1.221
-0.070,-0.706,0.899,-14.221,5.554,-1.709
-0.076,-0.700,0.896,-14.465,5.554,-2.075
-0.082,-0.703,0.889,-14.343,5.981,-2.197
-0.081,-0.702,0.886,-14.954,7.263,-2.319
-0.073,-0.702,0.902,-16.235,8.728,-2.075
-0.063,-0.716,0.919,-17.883,10.498,-0.671
-0.049,-0.731,0.940,-21.301,12.207,1.587
-0.046,-0.751,0.959,-26.489,14.038,4.333
-0.019,-0.760,0.989,-34.058,15.930,7.751
0.004,-0.737,1.000,-41.931,16.052,8.789
0.005,-0.689,0.994,-48.279,14.221,6.714
-0.002,-0.640,0.972,-50.903,12.329,3.601
-0.011,-0.610,0.951,-50.354,12.085,1.160
-0.004,-0.600,0.937,-47.607,13.672,0.122
0.018,-0.608,0.940,-44.922,15.991,1.282
0.037,-0.617,0.946,-43.030,16.968,3.174
0.037,-0.636,0.961,-41.626,15.869,5.188
0.035,-0.678,0.971,-40.588,14.038,7.874

0.373,-0.735,1.716,2.869,-147.827,105.530
0.133,-0.793,1.522,-46.082,-145.447,95.459
-0.082,-0.751,1.215,-81.665,-127.686,69.641
-0.155,-0.650,0.993,-93.140,-95.642,38.147
-0.127,-0.598,0.842,-76.294,-57.068,8.301
0.008,-0.652,0.816,-34.912,-21.973,-17.395
0.173,-1.020,0.747,21.606,-3.235,-37.231
0.283,-1.324,0.922,79.102,-0.793,-60.120
0.312,-1.757,1.089,129.333,-16.785,-79.224
0.239,-2.172,1.187,161.682,-42.114,-88.074
0.187,-2.443,1.260,171.082,-61.707,-89.661
0.043,-2.524,1.218,161.987,-69.214,-91.064
-0.089,-2.401,1.191,139.893,-56.824,-93.140
-0.099,-2.256,1.103,116.211,-29.480,-96.680
-0.048,-2.049,1.116,96.375,6.348,-106.628
0.109,-1.876,1.127,83.496,38.879,-114.075
0.287,-1.699,1.187,75.623,58.289,-115.112
0.430,-1.591,1.208,69.946,56.824,-110.840
0.478,-1.518,1.205,66.040,38.025,-105.652
0.450,-1.472,1.147,63.049,11.658,-101.318
0.385,-1.470,1.065,60.059,-12.573,-98.389
0.307,-1.475,0.986,55.603,-28.503,-95.093
0.239,-1.476,0.924,48.279,-33.752,-89.539
0.194,-1.469,0.869,38.879,-29.114,-81.055
0.155,-1.453,0.823,27.100,-15.869,-68.970
0.183,-1.403,0.815,12.939,2.441,-55.176
0.248,-1.330,0.842,0.854,18.555,-41.992
0.286,-1.239,0.900,-7.263,24.536,-30.457
0.270,-1.143,0.963,-9.216,17.273,-20.020
0.209,-1.075,0.995,-4.883,0.061,-10.071
0.123,-1.043,1.001,3.418,-20.996,-3.296
0.002,-1.064,0.994,11.841,-39.551,-0.793
-0.118,-1.112,0.981,18.005,-49.377,-2.441
-0.207,-1.175,0.952,20.142,-48.218,-7.507
-0.297,-1.193,0.937,18.005,-35.217,-15.991
-0.262,-1.193,0.928,13.184,-14.465,-25.146
-0.212,-1.327,0.930,8.972,7.935,-32.715
-0.135,-1.344,0.908,4.456,29.419,-44.006
-0.090,-1.295,0.915,-1.160,48.035,-53.101
-0.002,-1.335,0.817,-7.019,61.646,-53.589
0.018,-1.306,0.807,-12.634,76.538,-53.772
0.216,-1.136,0.859,-16.296,85.693,-52.917
0.284,-1.136,0.829,-16.052,82.520,-47.913
0.350,-0.971,0.917,-18.311,80.566,-46.387
0.371,-0.837,0.903,-17.883,67.200,-42.114
0.383,-0.797,0.880,-16.907,49.072,-33.386
0.294,-0.698,0.855,-17.029,31.555,-26.001
0.225,-0.592,0.871,-16.846,17.761,-14.954
0.239,-0.600,0.846,-14.709,4.883,-2.197
0.196,-0.597,0.871,-12.268,-6.653,5.615
0.145,-0.537,0.892,-10.437,-18.921,8.911
0.069,-0.539,0.864,-7.385,-32.227,10.437
0.014,-0.522,0.864,-3.784,-40.955,9.033
-0.028,-0.503,0.842,0.610,-44.800,6.104
-0.037,-0.502,0.832,5.005,-43.762,3.418
-0.045,-0.517,0.814,8.972,-37.842,0.732
-0.016,-0.542,0.809,11.475,-28.320,-1.221
0.001,-0.551,0.803,12.695,-16.785,-2.747
0.047,-0.546,0.816,11.658,-5.554,-3.113
0.093,-0.517,0.822,9.094,2.563,-1.770
0.130,-0.485,0.822,5.310,6.897,2.502
0.147,-0.467,0.817,1.221,7.263,8.667
0.137,-0.456,0.809,-1.404,4.944,15.442
0.123,-0.459,0.808,-2.380,1.892,20.874
0.095,-0.486,0.804,-1.648,-1.343,23.926
0.059,-0.502,0.800,-0.732,-3.723,24.048
0.042,-0.518,0.812,-0.305,-4.578,22.522
0.049,-0.542,0.825,-0.732,-5.066,20.996
0.063,-0.566,0.836,-2.197,-5.981,19.470
0.070,-0.589,0.838,-4.272,-7.690,17.700
0.063,-0.602,0.830,-6.470,-9.216,15.930
0.058,-0.600,0.824,-7.568,-9.460,14.587
0.048,-0.639,0.791,-7.812,-8.301,14.282
0.056,-0.610,0.819,-7.629,-5.310,13.123
0.077,-0.668,0.798,-5.920,-3.784,12.634
0.047,-0.621,0.826,-4.822,-1.587,11.169
0.055,-0.651,0.850,-3.357,-0.916,12.390
0.042,-0.651,0.839,-1.648,-0.671,11.475
0.041,-0.652,0.839,-2.075,-0.305,11.353
0.021,-0.640,0.835,-4.395,0.549,10.681
0.023,-0.625,0.813,-6.531,2.502,8.789
0.032,-0.586,0.807,-7.874,5.432,5.859
0.049,-0.561,0.798,-8.423,7.446,3.418
0.056,-0.531,0.789,-8.301,8.728,1.465
0.082,-0.517,0.779,-7.935,9.277,1.160
0.111,-0.485,0.814,-6.531,7.385,1.526
0.103,-0.485,0.795,-4.944,2.319,3.540
0.078,-0.475,0.801,-2.991,-2.625,6.348
0.052,-0.485,0.796,0.122,-6.836,7.568
0.025,-0.493,0.795,2.380,-9.094,6.958
0.019,-0.502,0.804,3.113,-9.644,6.165
0.016,-0.511,0.802,2.991,-9.766,5.249
0.006,-0.510,0.796,1.953,-9.277,3.906
-0.009,-0.509,0.790,0.977,-6.775,2.808
-0.006,-0.521,0.790,0.305,-2.930,1.709
0.018,-0.529,0.812,0.061,1.282,0.122
0.061,-0.537,0.837,-0.488,4.333,-1.587
0.103,-0.542,0.853,-0.732,3.906,-2.808
0.123,-0.543,0.858,-1.160,0.427,-2.869
0.122,-0.544,0.849,-1.465,-3.906,-1.892
0.103,-0.546,0.833,-1.770,-7.690,-0.549
0.087,-0.546,0.825,-1.709,-8.911,0.610
0.085,-0.550,0.827,-1.404,-7.812,1.526
0.079,-0.540,0.831,-0.977,-6.226,1.709
0.082,-0.581,0.804,-0.793,-5.127,2.380
0.065,-0.549,0.851,-1.465,-3.235,1.831
0.087,-0.564,0.830,-2.258,-2.991,2.380
0.093,-0.551,0.843,-3.174,-4.028,2.747
0.089,-0.540,0.830,-3.906,-6.348,2.869
0.068,-0.530,0.821,-3.723,-8.484,3.296
0.041,-0.518,0.807,-3.418,-9.277,3.906
0.024,-0.507,0.806,-2.869,-8.179,3.845
0.034,-0.516,0.804,-2.075,-6.348,3.479
0.041,-0.513,0.813,-2.319,-4.944,2.686
0.042,-0.504,0.821,-2.747,-4.517,1.770
0.038,-0.514,0.812,-2.869,-4.883,0.854
0.031,-0.512,0.812,-3.052,-4.761,-0.183
0.026,-0.515,0.812,-3.357,-3.906,-0.916
0.034,-0.519,0.819,-2.625,-2.625,-1.953

-0.217,-1.927,0.845,-63.416,-130.920,-9.155
-0.246,-2.339,0.922,-36.865,-117.371,-22.339
-0.257,-2.506,1.097,9.766,-99.670,-37.354
-0.180,-2.486,1.265,73.364,-80.872,-54.199
-0.061,-2.453,1.377,141.968,-60.852,-71.594
0.002,-2.520,1.391,198.853,-41.321,-88.013
0.007,-2.659,1.328,231.079,-24.841,-98.083
0.045,-2.730,1.318,231.323,-5.798,-106.201
0.093,-2.719,1.219,206.787,14.343,-117.310
0.109,-2.568,1.135,167.053,39.856,-131.653
0.239,-2.323,1.148,124.512,70.740,-140.625
0.398,-2.110,1.137,90.698,95.215,-140.869
0.556,-1.876,1.159,66.711,110.474,-134.521
0.691,-1.666,1.166,54.382,111.023,-122.314
0.759,-1.491,1.168,50.232,95.825,-105.896
0.755,-1.376,1.153,50.049,68.054,-87.708
0.693,-1.339,1.117,49.683,33.020,-69.641
0.572,-1.347,1.081,47.607,-2.869,-52.368
0.414,-1.346,1.022,41.565,-37.476,-36.438
0.237,-1.354,0.950,33.447,-67.200,-23.132
0.058,-1.349,0.885,24.658,-88.745,-13.306
-0.121,-1.323,0.820,15.503,-99.915,-5.371
-0.260,-1.296,0.770,6.653,-100.098,2.747
-0.346,-1.268,0.731,-0.549,-90.942,8.850
-0.387,-1.234,0.699,-5.188,-75.867,9.644
-0.379,-1.202,0.684,-6.653,-56.763,4.333
-0.331,-1.186,0.639,-4.944,-36.560,-5.859
-0.288,-1.119,0.674,-0.244,-16.907,-18.127
-0.176,-1.041,0.713,5.737,-3.235,-27.710
-0.088,-1.219,0.783,14.221,2.625,-28.748
-0.044,-1.212,0.840,20.447,4.395,-30.334
-0.105,-1.251,0.869,24.292,1.892,-24.170
-0.124,-1.394,0.838,26.306,0.793,-12.939
-0.168,-1.475,0.822,25.330,5.371,-6.714
-0.175,-1.561,0.816,22.583,14.282,-5.066
-0.154,-1.399,0.817,16.846,24.292,-8.423
-0.031,-1.364,0.859,12.024,30.640,-6.958
-0.012,-1.242,0.733,6.409,34.851,-10.071
-0.035,-0.987,0.769,2.563,38.086,-11.047
0.046,-0.910,0.741,1.709,34.119,-4.456
0.040,-0.825,0.717,3.418,27.710,0.183
0.008,-0.730,0.728,6.287,20.691,4.211
0.009,-0.679,0.731,10.376,9.644,9.521
0.022,-0.704,0.712,14.099,-3.357,14.709
-0.037,-0.730,0.675,16.602,-14.832,15.442
-0.100,-0.693,0.702,16.846,-21.973,12.451
-0.102,-0.702,0.659,17.517,-28.259,9.155
-0.135,-0.675,0.656,17.090,-29.907,4.150
-0.154,-0.642,0.648,15.747,-27.527,1.099
-0.128,-0.663,0.632,15.442,-22.644,0.366
-0.079,-0.650,0.647,15.015,-15.442,-1.282
-0.011,-0.653,0.649,13.489,-9.644,-2.441
0.028,-0.636,0.670,12.329,-5.859,-2.991
0.040,-0.624,0.675,11.353,-4.211,-2.258
0.049,-0.611,0.681,11.230,-2.808,-0.549
0.062,-0.615,0.674,10.864,-1.892,1.404
0.062,-0.625,0.667,9.583,-1.404,3.479
0.048,-0.625,0.665,7.263,-0.488,5.920
0.028,-0.637,0.660,4.761,0.793,8.057
0.014,-0.660,0.665,2.075,2.930,9.583
-0.000,-0.683,0.672,-0.793,4.639,9.705
-0.007,-0.705,0.683,-3.235,5.188,9.277
-0.010,-0.730,0.695,-4.822,5.005,7.935
-0.028,-0.740,0.694,-5.493,4.211,6.042
-0.022,-0.772,0.697,-4.944,3.235,3.906
-0.062,-0.768,0.707,-3.357,3.296,0.671
-0.047,-0.770,0.673,-1.648,4.517,-2.380
-0.057,-0.786,0.664,0.610,6.897,-4.456
-0.038,-0.787,0.685,1.831,12.085,-6.104
-0.005,-0.803,0.674,2.380,16.418,-5.920
0.021,-0.793,0.688,2.930,20.569,-5.066
0.043,-0.774,0.713,3.235,22.644,-4.028
0.060,-0.762,0.732,3.418,22.095,-2.136
0.070,-0.782,0.710,3.967,18.921,0.305
0.043,-0.738,0.775,4.150,15.503,1.343
0.048,-0.732,0.776,5.005,9.460,2.380
0.046,-0.741,0.766,5.310,2.747,2.258
0.002,-0.707,0.773,4.089,-3.113,1.404
-0.010,-0.698,0.760,2.136,-7.385,2.502
-0.026,-0.695,0.739,1.099,-9.766,3.052
-0.049,-0.672,0.731,-0.305,-9.277,2.563
-0.051,-0.687,0.712,-1.160,-7.751,2.441
-0.052,-0.678,0.708,-1.343,-5.005,0.671
-0.042,-0.677,0.703,-1.343,-1.953,-1.038
-0.020,-0.681,0.708,-0.732,0.549,-2.136
0.002,-0.687,0.712,0.061,1.648,-2.441
0.019,-0.695,0.711,0.427,0.977,-2.014
0.031,-0.695,0.725,0.610,-0.610,-1.099
0.053,-0.721,0.725,0.488,-3.540,0.610
0.040,-0.730,0.733,-0.732,-7.080,1.953
0.019,-0.747,0.724,-1.892,-10.254,3.113
-0.007,-0.751,0.721,-2.930,-11.841,3.479
-0.019,-0.762,0.712,-4.578,-11.536,3.540
-0.028,-0.771,0.710,-6.165,-10.010,3.296
-0.021,-0.774,0.711,-7.874,-7.690,2.747
-0.001,-0.773,0.718,-9.399,-6.104,1.892
0.019,-0.759,0.712,-10.742,-6.287,1.343
0.027,-0.734,0.716,-11.841,-8.301,1.587
0.024,-0.713,0.714,-12.512,-11.292,3.296
0.005,-0.693,0.714,-11.963,-15.198,5.249
-0.020,-0.672,0.724,-10.437,-18.738,6.775
-0.061,-0.671,0.705,-7.935,-21.118,7.812
-0.101,-0.678,0.725,-5.493,-20.813,7.812
-0.130,-0.685,0.713,-3.113,-19.165,6.042
-0.159,-0.712,0.707,-2.319,-14.648,3.296
-0.165,-0.727,0.708,-3.357,-8.118,-0.549
-0.152,-0.731,0.708,-5.005,-0.671,-4.272
-0.127,-0.720,0.706,-7.080,6.775,-7.996
-0.093,-0.706,0.720,-8.423,12.756,-10.864
-0.052,-0.696,0.728,-8.728,15.930,-12.329
-0.010,-0.692,0.739,-8.850,16.296,-12.512
0.018,-0.691,0.752,-8.911,13.245,-11.597
0.036,-0.696,0.758,-9.705,7.324,-9.338
0.036,-0.702,0.762,-10.742,0.122,-6.348
0.016,-0.704,0.759,-11.902,-7.263,-4.028
-0.015,-0.709,0.762,-12.878,-12.695,-2.563
-0.047,-0.724,0.758,-14.343,-16.113,-0.366
-0.077,-0.738,0.751,-15.808,-16.785,1.587
-0.098,-0.755,0.748,-17.578,-15.076,2.136

-0.158,-2.419,0.821,129.883,-104.614,-29.053
-0.228,-2.688,0.986,150.879,-92.041,-30.579
-0.236,-2.998,1.111,173.645,-74.829,-31.555
-0.285,-2.981,1.328,191.467,-51.270,-43.579
-0.190,-3.034,1.512,207.092,-29.785,-55.481
-0.084,-3.030,1.608,216.858,-15.442,-74.280
-0.006,-2.978,1.682,214.783,-10.376,-90.454
0.146,-2.953,1.739,200.806,-10.986,-99.182
0.206,-2.764,1.901,181.091,-12.024,-107.300
0.234,-2.551,1.692,159.668,-16.968,-110.168
0.383,-2.558,1.777,139.771,-16.357,-109.619
0.277,-2.166,1.644,118.164,-12.146,-124.268
0.357,-1.943,1.446,91.797,-0.244,-130.371
0.365,-1.785,1.239,66.833,18.127,-129.211
0.479,-1.561,1.156,42.786,47.607,-124.634
0.642,-1.479,1.045,27.405,71.106,-113.525
0.761,-1.365,1.048,13.977,84.778,-99.609
0.757,-1.274,0.987,1.831,80.933,-79.651
0.729,-1.231,1.019,-7.690,63.843,-52.307
0.548,-1.194,1.012,-12.024,35.156,-21.423
0.353,-1.247,1.029,-9.399,3.540,5.371
0.135,-1.377,1.027,-1.953,-26.550,21.484
-0.050,-1.609,0.996,5.981,-53.406,26.306
-0.216,-1.821,0.922,10.803,-69.519,18.860
-0.352,-1.933,0.885,13.367,-70.374,2.136
-0.423,-1.971,0.861,13.367,-55.908,-12.634
-0.425,-1.876,0.789,6.287,-29.236,-18.494
-0.234,-1.714,0.786,-9.521,2.991,-14.038
-0.099,-1.509,0.712,-27.954,28.809,-10.620
0.001,-1.248,0.647,-46.082,45.654,-11.658
0.103,-1.051,0.612,-57.495,51.514,-10.986
0.158,-0.912,0.581,-60.974,47.729,-8.667
0.168,-0.762,0.598,-58.411,35.522,-3.174
0.181,-0.707,0.590,-51.208,15.747,7.446
0.153,-0.686,0.582,-40.527,-7.935,16.602
0.082,-0.662,0.542,-28.381,-31.860,21.790
-0.008,-0.641,0.613,-18.005,-49.927,26.428
-0.071,-0.744,0.505,-9.216,-61.707,32.715
-0.157,-0.739,0.591,-8.057,-61.218,36.377
-0.207,-0.726,0.594,-12.085,-54.688,40.771
-0.230,-0.677,0.649,-15.198,-43.518,44.739
-0.210,-0.621,0.692,-14.282,-32.776,43.762
-0.224,-0.627,0.703,-7.690,-26.001,37.476
-0.224,-0.634,0.730,-0.488,-21.423,28.992
-0.260,-0.629,0.745,5.310,-17.029,20.996
-0.176,-0.671,0.749,9.399,-11.475,14.160
-0.192,-0.690,0.736,13.000,-6.897,5.981
-0.176,-0.685,0.729,13.977,-0.671,-1.404
-0.146,-0.716,0.728,15.503,6.287,-5.615
-0.109,-0.757,0.740,16.968,13.611,-8.423
-0.045,-0.798,0.751,16.418,19.226,-9.460
-0.016,-0.819,0.765,14.587,20.935,-10.437
0.018,-0.819,0.776,12.390,19.836,-10.254
0.031,-0.826,0.762,10.559,16.846,-8.972
0.045,-0.827,0.748,8.972,13.489,-7.446
0.018,-0.824,0.703,8.301,10.864,-6.409
0.015,-0.821,0.687,7.019,11.108,-5.493
0.011,-0.823,0.672,6.958,12.695,-5.005
0.004,-0.802,0.655,6.226,14.771,-4.883
-0.007,-0.800,0.639,5.493,16.907,-4.578
0.028,-0.816,0.637,3.845,18.127,-3.723
0.015,-0.783,0.652,2.014,17.578,-3.235
0.011,-0.758,0.621,-1.282,16.479,-1.953
0.014,-0.723,0.631,-3.052,15.381,0.793
0.021,-0.729,0.622,-3.723,12.817,2.930
0.028,-0.711,0.630,-4.395,8.789,4.639
0.017,-0.690,0.619,-5.188,3.113,7.019
-0.003,-0.657,0.623,-5.493,-2.197,9.705
-0.033,-0.649,0.610,-4.456,-6.592,12.512
-0.062,-0.641,0.602,-2.686,-8.972,14.709
-0.096,-0.643,0.603,0.000,-9.094,15.991
-0.113,-0.658,0.607,2.258,-7.385,16.418
-0.117,-0.685,0.603,3.723,-4.822,16.357
-0.132,-0.696,0.610,3.662,-2.075,14.832
-0.131,-0.710,0.624,3.357,0.916,12.634
-0.126,-0.729,0.634,2.991,3.357,9.705
-0.119,-0.744,0.639,2.625,5.127,5.981
-0.118,-0.747,0.647,2.075,6.226,2.563
-0.097,-0.746,0.660,1.953,6.836,-0.305
-0.079,-0.748,0.673,2.686,6.226,-2.258
-0.066,-0.757,0.677,3.357,4.578,-3.113
-0.058,-0.772,0.684,4.028,2.869,-3.418
-0.051,-0.791,0.692,3.723,1.892,-3.540
-0.047,-0.793,0.696,1.831,2.075,-3.174
-0.041,-0.777,0.696,-0.977,3.601,-2.686
-0.033,-0.764,0.697,-2.991,5.371,-2.625
-0.023,-0.757,0.695,-4.028,7.019,-2.991
-0.015,-0.742,0.705,-4.578,7.568,-2.991
-0.006,-0.738,0.696,-4.883,6.042,-2.075
-0.020,-0.727,0.687,-4.944,3.601,-0.732
-0.043,-0.722,0.677,-4.944,1.404,0.183
-0.065,-0.723,0.673,-4.822,0.549,0.977
-0.072,-0.721,0.673,-4.944,0.366,1.221
-0.081,-0.718,0.676,-5.554,0.671,0.793
-0.071,-0.715,0.686,-6.409,0.916,0.305
-0.059,-0.715,0.696,-7.446,0.366,-0.305
-0.054,-0.702,0.698,-8.606,-1.465,-0.793
-0.056,-0.684,0.691,-9.949,-3.540,-0.610
-0.058,-0.678,0.688,-9.827,-5.188,-0.671
-0.052,-0.694,0.688,-9.094,-5.798,-0.488
-0.048,-0.703,0.694,-9.338,-6.042,-0.122
-0.051,-0.703,0.704,-10.132,-6.226,0.366
-0.041,-0.699,0.718,-10.315,-5.981,0.977
-0.025,-0.704,0.731,-10.559,-5.676,1.587
-0.011,-0.711,0.743,-10.620,-5.920,1.953
-0.004,-0.713,0.741,-11.230,-6.592,2.075
-0.002,-0.708,0.739,-12.329,-6.592,2.136
0.008,-0.701,0.740,-13.672,-5.920,2.441
0.021,-0.696,0.748,-15.259,-5.615,3.113
0.032,-0.679,0.759,-17.273,-5.859,4.395
0.033,-0.673,0.767,-18.921,-7.568,5.981
0.030,-0.674,0.776,-19.897,-9.277,7.935
0.024,-0.676,0.782,-20.874,-10.925,9.277
0.014,-0.683,0.784,-21.851,-12.390,10.315
0.001,-0.695,0.787,-22.400,-13.245,10.864
-0.021,-0.710,0.780,-23.437,-12.573,10.986
-0.042,-0.722,0.765,-24.780,-10.742,11.047
-0.071,-0.733,0.745,-26.245,-7.874,9.644
-0.081,-0.742,0.730,-27.161,-3.845,7.202

0.666,1.177,0.656,-56.213,-42.908,84.961
0.606,1.200,0.620,-55.054,-52.063,88.867
0.552,1.237,0.571,-50.781,-57.129,89.539
0.504,1.300,0.480,-41.626,-59.875,82.520
0.449,1.336,0.404,-28.625,-59.143,71.228
0.475,1.354,0.381,-13.550,-56.946,62.805
0.565,1.299,0.408,2.075,-60.425,57.556
0.594,1.176,0.394,11.963,-73.120,59.814
0.601,1.125,0.359,8.179,-91.980,71.594
0.555,1.125,0.274,-5.432,-113.342,83.801
0.410,1.189,0.141,-23.682,-130.737,90.881
0.252,1.298,0.002,-39.795,-139.282,92.102
0.075,1.422,-0.098,-45.288,-137.268,85.632
-0.095,1.542,-0.144,-35.767,-124.207,71.045
-0.206,1.614,-0.166,-8.667,-102.722,50.171
-0.237,1.596,-0.151,35.339,-77.698,24.475
-0.161,1.437,-0.047,89.905,-56.152,-1.343
-0.025,1.079,0.126,140.869,-47.363,-17.944
0.085,0.668,0.287,168.640,-52.734,-15.747
0.102,0.189,0.427,167.664,-72.205,3.235
-0.047,-0.274,0.504,142.395,-95.825,28.564
-0.334,-0.784,0.516,100.830,-110.962,55.908
-0.619,-1.271,0.537,55.481,-111.938,65.674
-0.720,-1.679,0.601,20.325,-92.224,30.457
-0.642,-2.007,0.685,2.991,-58.167,-38.452
-0.394,-2.157,0.839,2.625,-20.386,-117.310
-0.273,-3.434,0.357,8.301,19.043,-164.551
0.486,-1.619,2.404,9.094,48.218,-196.533
0.925,-3.497,1.596,54.504,-36.987,-129.333
1.088,-3.013,2.385,59.814,-88.867,-105.103
0.815,-2.584,2.232,90.210,-155.884,-90.332
0.369,-2.103,1.885,139.893,-200.500,-91.919
0.011,-1.622,1.837,178.955,-181.824,-113.281
0.080,-1.710,1.631,188.904,-112.915,-133.301
0.320,-1.427,1.627,169.434,-26.550,-150.085
0.934,-0.462,2.500,134.949,62.744,-159.180
1.802,-0.102,2.472,121.643,83.374,-141.846
2.032,-0.214,2.438,101.318,55.664,-113.708
2.008,-0.319,2.347,70.740,4.395,-81.360
1.622,-0.980,1.829,41.626,-58.228,-39.856
0.938,-1.440,1.364,4.822,-99.182,-14.709
0.347,-0.558,1.296,-31.799,-102.661,-11.780
0.047,-0.600,0.850,-46.143,-95.581,33.936
-0.083,-0.876,0.604,-48.767,-80.261,86.914
-0.349,-0.618,0.665,-56.396,-48.096,106.384
-0.382,-0.576,0.622,-56.091,-35.583,113.831
-0.437,-0.483,0.638,-50.903,-38.147,99.426
-0.506,-0.217,0.722,-41.565,-49.438,69.946
-0.579,0.061,0.794,-22.888,-67.505,45.410
-0.549,0.198,0.902,2.747,-81.604,32.349
-0.454,0.064,0.952,31.067,-90.271,25.024
-0.365,0.025,1.072,47.180,-88.867,14.465
-0.269,0.049,1.218,51.514,-83.374,3.113
-0.172,0.015,1.353,50.842,-80.444,-2.747
-0.104,-0.059,1.411,46.387,-76.904,-3.906
-0.116,-0.135,1.411,38.391,-70.496,-5.066
-0.137,-0.102,1.383,27.588,-57.190,-9.705
-0.122,-0.147,1.322,18.616,-36.926,-12.878
-0.071,-0.059,1.352,10.803,-10.803,-16.235
0.068,-0.081,1.322,6.836,9.277,-13.428
0.130,-0.077,1.312,4.150,20.996,-7.874
0.165,-0.120,1.262,0.305,23.804,0.366
0.149,-0.183,1.208,-4.150,19.409,10.559
0.136,-0.161,1.168,-11.353,10.864,20.081
0.048,-0.230,1.071,-18.188,-0.732,28.137
-0.093,-0.230,1.000,-25.085,-7.629,28.748
-0.198,-0.233,0.908,-30.884,-7.996,24.048
-0.257,-0.209,0.847,-37.415,-1.709,16.968
-0.228,-0.221,0.790,-43.396,5.981,11.353
-0.153,-0.223,0.729,-48.157,11.230,6.287
-0.100,-0.197,0.659,-51.453,11.902,1.038
-0.104,-0.156,0.583,-53.223,10.071,-2.869
-0.107,-0.040,0.556,-52.429,9.460,-5.066
-0.098,0.065,0.571,-46.875,9.644,-4.639
-0.071,0.117,0.606,-35.889,7.385,-1.160
-0.044,0.152,0.672,-21.606,2.075,3.845
-0.070,0.153,0.722,-6.104,-6.409,7.568
-0.135,0.189,0.787,10.498,-14.771,8.362
-0.198,0.182,0.855,26.733,-20.630,8.484
-0.226,0.127,0.939,39.429,-22.156,9.033
-0.241,0.068,1.010,45.044,-21.423,8.301
-0.277,0.016,1.058,43.213,-19.226,3.662
-0.299,0.003,1.093,36.499,-13.733,-4.639
-0.267,0.022,1.110,28.137,-5.554,-14.221
-0.160,0.025,1.123,19.531,3.662,-21.057
-0.055,0.014,1.099,11.658,9.033,-23.743
0.010,0.023,1.063,4.639,10.742,-23.315
0.033,0.047,1.021,-1.770,10.437,-20.752
0.049,0.072,0.997,-6.470,10.193,-15.991
0.058,0.079,0.969,-8.423,9.644,-9.888
0.059,0.046,0.943,-8.423,9.094,-4.150
0.059,0.034,0.948,-7.385,8.606,-1.770
0.057,-0.000,0.950,-6.226,6.592,-0.610
0.046,-0.042,0.949,-6.042,2.747,-0.244
0.017,-0.049,0.934,-7.690,-1.343,-0.977
-0.031,-0.031,0.900,-9.460,-4.272,-2.258
-0.062,-0.027,0.864,-10.925,-3.723,-2.075
-0.073,-0.021,0.844,-12.085,0.366,-1.038
-0.060,-0.011,0.845,-12.817,5.798,-0.183
-0.032,-0.009,0.844,-12.695,9.583,0.244
-0.022,0.011,0.846,-12.085,10.254,0.366
-0.013,0.025,0.853,-11.230,8.179,0.854
-0.014,0.041,0.876,-9.827,4.578,1.404
-0.023,0.062,0.897,-7.202,-0.244,1.343
-0.015,0.061,0.934,-3.357,-5.005,0.549
-0.010,0.051,0.961,-0.366,-9.766,0.977
-0.026,0.038,0.983,0.610,-14.709,2.869
-0.053,0.040,1.000,-0.244,-16.968,3.601
-0.075,0.069,1.023,-1.404,-15.991,1.770
-0.077,0.088,1.054,-1.343,-12.756,-0.671
-0.065,0.086,1.084,-0.488,-8.057,-2.502
-0.049,0.064,1.106,1.099,-3.357,-3.540
-0.052,0.062,1.109,2.319,0.000,-5.493
-0.067,0.051,1.105,3.540,3.601,-7.751
-0.063,-0.001,1.100,4.944,7.812,-8.545
-0.011,-0.033,1.116,5.310,10.681,-8.423
0.047,-0.068,1.127,4.883,8.362,-7.324
0.062,-0.100,1.120,4.089,-0.366,-5.737
0.039,-0.130,1.099,3.357,-10.986,-3.601

-0.110,-1.640,1.184,-16.357,-78.552,-44.189
-0.316,-2.182,0.950,-30.701,-111.206,-48.645
-0.414,-1.222,2.073,-36.987,-99.854,-72.754
-0.548,-1.269,1.897,-3.906,-112.305,-62.805
-0.295,-1.932,1.668,52.368,-122.498,-25.085
-0.622,-1.879,1.632,101.929,-84.412,-34.729
-0.698,-1.496,1.707,163.574,-33.691,-58.228
-0.409,-1.808,1.658,223.389,19.592,-73.242
0.016,-2.030,1.783,247.437,73.608,-92.102
0.491,-2.268,1.825,227.112,102.295,-126.953
0.727,-1.959,1.917,171.326,105.286,-180.115
0.805,-1.447,1.949,110.962,89.417,-211.182
1.041,-0.872,2.173,68.665,67.627,-203.125
1.178,-0.680,2.083,59.814,32.593,-178.406
1.347,-0.971,1.969,63.171,1.648,-158.508
1.355,-1.317,1.689,57.739,-25.391,-144.836
1.131,-1.441,1.317,23.010,-43.274,-112.610
0.730,-1.362,0.868,-33.752,-45.105,-52.612
0.235,-0.759,0.798,-87.830,-19.897,9.583
0.034,-0.339,0.993,-105.530,9.460,65.125
-0.142,-0.628,1.031,-83.862,13.306,94.604
-0.220,-0.243,1.213,-54.382,-3.784,79.346
-0.327,-0.538,1.045,-22.827,-48.584,66.101
-0.480,-0.189,1.118,-7.996,-91.675,36.133
-0.575,-0.097,1.006,5.249,-123.474,21.179
-0.667,-0.044,0.967,14.893,-130.066,11.475
-0.770,0.044,0.981,20.691,-106.934,3.845
-0.677,0.056,1.042,21.912,-63.110,3.967
-0.475,-0.049,1.118,19.226,-12.390,6.042
-0.239,-0.026,1.272,11.292,32.166,2.197
0.025,-0.028,1.394,1.831,54.443,3.845
0.131,-0.096,1.441,-7.263,52.124,10.986
0.170,-0.030,1.477,-14.038,36.621,16.968
0.155,-0.062,1.406,-15.076,13.611,23.560
0.054,-0.123,1.290,-14.648,-5.981,27.649
-0.035,-0.019,1.212,-14.038,-16.663,26.367
-0.099,0.001,1.127,-11.414,-20.752,26.184
-0.165,-0.040,1.071,-6.165,-18.555,25.696
-0.206,-0.017,1.066,-3.418,-10.437,25.208
-0.225,-0.103,1.062,-5.981,-0.427,31.860
-0.213,-0.182,1.083,-14.038,8.545,40.161
-0.224,-0.203,1.125,-24.475,14.771,42.603
-0.254,-0.251,1.087,-33.936,16.479,40.344
-0.275,-0.227,1.078,-41.565,18.494,33.142
-0.258,-0.194,1.046,-46.997,20.569,24.780
-0.208,-0.192,0.975,-51.392,20.935,19.897
-0.179,-0.193,0.878,-57.861,21.362,16.602
-0.150,-0.198,0.776,-66.223,23.010,15.442
-0.121,-0.166,0.701,-75.378,27.771,13.733
-0.087,-0.077,0.655,-79.834,34.302,9.338
-0.031,0.024,0.625,-76.904,39.795,5.737
0.025,0.110,0.624,-66.895,43.335,5.127
0.079,0.184,0.667,-52.856,43.884,7.141
0.108,0.235,0.726,-36.621,38.940,10.498
0.095,0.274,0.804,-20.874,28.564,14.587
0.048,0.300,0.887,-7.202,14.587,19.775
-0.015,0.312,0.942,3.967,0.061,25.330
-0.105,0.322,0.977,12.695,-12.085,29.907
-0.203,0.304,0.998,18.311,-19.531,32.227
-0.285,0.272,1.005,20.020,-19.653,31.250
-0.336,0.237,1.005,18.677,-12.268,26.245
-0.351,0.224,1.020,14.893,1.099,18.066
-0.289,0.215,1.045,9.338,18.616,9.155
-0.165,0.221,1.085,3.601,33.569,2.380
-0.012,0.227,1.129,-1.282,40.771,-0.549
0.120,0.211,1.151,-5.859,37.354,0.488
0.191,0.202,1.148,-9.705,25.574,4.883
0.198,0.197,1.138,-12.207,9.888,11.047
0.175,0.174,1.108,-14.099,-4.517,17.761
0.121,0.129,1.074,-15.930,-14.648,22.888
0.068,0.091,1.053,-18.250,-19.043,26.184
0.026,0.070,1.032,-21.790,-17.273,26.550
-0.001,0.068,1.007,-26.245,-11.475,24.048
-0.000,0.063,0.986,-30.396,-3.906,21.973
0.006,0.072,0.985,-33.997,3.967,21.545
0.030,0.068,0.988,-35.583,10.193,22.278
0.055,0.046,1.006,-35.217,13.184,22.827
0.091,0.014,1.048,-33.936,11.658,22.217
0.129,-0.011,1.085,-30.762,5.859,20.813
0.151,-0.042,1.107,-26.611,-2.991,20.325
0.141,-0.072,1.120,-23.193,-12.695,21.667
0.111,-0.111,1.117,-20.447,-20.264,25.269
0.071,-0.144,1.111,-19.165,-23.193,30.701
0.020,-0.178,1.104,-21.179,-21.057,37.720
-0.015,-0.214,1.092,-25.696,-15.198,44.617
-0.046,-0.230,1.075,-31.555,-7.812,48.889
-0.059,-0.186,1.061,-37.048,-0.122,49.133
-0.045,-0.115,1.062,-40.161,6.348,46.631
-0.007,-0.074,1.072,-40.283,9.033,44.861
0.021,-0.054,1.073,-39.429,4.883,44.800
0.028,-0.027,1.077,-36.987,-4.700,45.166
0.000,0.000,1.067,-33.875,-15.808,45.959
-0.039,0.012,1.032,-31.372,-25.452,47.180
-0.095,0.021,1.002,-29.297,-30.640,48.523
-0.136,0.042,0.974,-28.198,-29.724,47.363
-0.131,0.050,0.966,-27.466,-23.987,43.762
-0.111,0.076,0.968,-25.513,-16.663,38.635
-0.065,0.096,0.996,-23.071,-10.132,34.058
-0.044,0.100,1.010,-19.897,-6.287,32.227
-0.043,0.087,1.023,-17.395,-4.822,33.081
-0.050,0.085,1.023,-15.747,-4.578,34.973
-0.063,0.102,1.017,-15.564,-4.761,35.034
-0.068,0.125,1.002,-16.479,-5.310,32.837
-0.092,0.147,0.985,-18.494,-5.981,28.809
-0.129,0.158,0.967,-20.630,-5.920,23.560
-0.158,0.148,0.957,-21.851,-3.662,18.433
-0.183,0.139,0.949,-23.071,1.404,13.977
-0.203,0.144,0.947,-25.024,10.193,10.132
-0.216,0.142,0.940,-26.550,20.935,6.714
-0.211,0.141,0.934,-26.855,33.325,1.709
-0.174,0.156,0.937,-26.123,46.936,-4.761
-0.108,0.193,0.953,-26.062,59.082,-12.451
-0.028,0.215,0.981,-25.635,66.895,-19.714
0.044,0.227,1.000,-25.146,68.726,-24.353
0.129,0.240,1.020,-25.085,63.904,-25.452
0.160,0.245,1.020,-25.513,53.284,-23.499
0.146,0.242,1.002,-26.306,39.612,-20.447
0.112,0.220,0.961,-26.489,26.855,-18.188
0.045,0.213,0.917,-26.672,18.982,-18.250

-0.308,-2.021,0.784,-15.381,-10.132,-44.556
-0.195,-2.267,0.908,-26.550,15.686,-62.744
-0.031,-2.406,1.066,-17.883,30.273,-90.149
0.091,-2.381,1.175,12.573,31.799,-122.864
0.215,-2.248,1.249,62.988,28.198,-152.588
0.390,-2.128,1.291,123.535,24.902,-169.006
0.532,-2.077,1.260,182.617,21.118,-174.011
0.618,-2.190,1.238,225.647,15.686,-170.105
0.709,-2.389,1.230,243.103,9.827,-156.799
0.719,-2.677,1.274,236.084,5.615,-137.024
0.661,-2.968,1.352,209.351,4.761,-109.741
0.589,-3.070,1.396,169.067,6.348,-78.613
0.427,-2.871,1.368,121.948,10.193,-51.208
0.222,-2.490,1.324,73.730,15.991,-26.855
0.030,-2.136,1.241,28.748,19.348,-4.700
-0.076,-1.904,1.136,-10.193,16.479,11.536
-0.127,-1.733,1.031,-45.227,5.005,18.555
-0.172,-1.506,0.926,-73.486,-14.648,18.188
-0.217,-1.228,0.818,-91.370,-40.405,16.907
-0.268,-0.977,0.695,-97.717,-66.956,16.418
-0.334,-0.810,0.551,-93.201,-86.548,16.846
-0.378,-0.679,0.492,-81.421,-93.506,16.724
-0.449,-0.661,0.352,-64.697,-88.928,14.343
-0.504,-0.330,0.315,-47.852,-67.078,6.348
-0.233,-0.505,0.455,-25.391,-41.199,6.409
-0.135,-0.414,0.422,-3.052,-21.118,-6.348
-0.031,-0.381,0.557,14.282,-6.714,-7.996
0.039,-0.478,0.611,29.602,-4.700,0.671
-0.009,-0.519,0.657,40.222,-4.639,14.221
-0.009,-0.542,0.763,48.584,-5.127,30.151
-0.041,-0.768,0.747,56.213,-8.423,44.067
-0.146,-0.844,0.867,58.167,-7.996,43.457
-0.234,-0.811,0.913,54.565,-8.057,32.898
-0.287,-0.861,0.918,47.852,-9.338,23.743
-0.324,-0.921,0.894,36.438,-7.507,15.686
-0.333,-0.928,0.865,22.827,-1.709,7.874
-0.275,-0.919,0.835,8.850,7.202,0.793
-0.187,-0.889,0.816,-3.906,15.991,-4.517
-0.098,-0.865,0.787,-12.756,20.691,-7.935
-0.024,-0.836,0.754,-16.968,20.508,-9.705
0.016,-0.789,0.730,-17.639,17.883,-10.010
0.036,-0.757,0.701,-14.099,14.404,-8.972
0.045,-0.737,0.681,-7.751,12.695,-6.836
0.047,-0.721,0.668,-0.610,13.550,-3.540
0.043,-0.705,0.673,5.859,16.174,0.366
0.064,-0.722,0.697,9.583,19.714,6.714
0.083,-0.724,0.768,10.010,20.874,13.733
0.049,-0.737,0.795,8.118,16.785,19.531
0.020,-0.675,0.866,4.089,9.277,23.132
-0.043,-0.750,0.811,-0.305,-1.099,27.283
-0.104,-0.715,0.846,-6.287,-6.958,25.574
-0.162,-0.704,0.804,-11.108,-11.719,21.179
-0.178,-0.638,0.804,-15.564,-11.292,15.320
-0.165,-0.630,0.775,-17.212,-9.766,11.230
-0.153,-0.632,0.751,-16.113,-5.371,7.935
-0.130,-0.591,0.776,-13.916,1.404,4.700
-0.064,-0.625,0.759,-9.827,6.226,3.113
-0.023,-0.639,0.768,-6.958,9.033,1.953
-0.000,-0.647,0.756,-6.104,9.949,1.648
0.004,-0.621,0.770,-6.348,9.521,1.831
0.023,-0.658,0.781,-5.798,8.118,3.662
0.014,-0.646,0.778,-4.761,6.470,4.944
0.012,-0.661,0.795,-3.784,4.822,7.935
0.001,-0.698,0.810,-2.991,3.235,10.437
-0.009,-0.708,0.836,-2.869,2.441,11.597
-0.016,-0.734,0.855,-3.784,1.526,12.268
-0.033,-0.756,0.859,-5.493,2.075,11.047
-0.051,-0.755,0.858,-9.399,3.601,8.850
-0.053,-0.756,0.840,-14.160,6.348,6.409
-0.055,-0.732,0.824,-20.020,11.047,3.967
-0.022,-0.709,0.823,-24.841,16.357,2.258
0.025,-0.708,0.821,-27.649,19.775,1.526
0.058,-0.706,0.827,-29.785,20.264,1.892
0.075,-0.714,0.825,-32.349,17.639,4.395
0.063,-0.718,0.815,-34.851,13.489,7.141
0.033,-0.703,0.809,-36.621,10.437,9.216
0.006,-0.708,0.804,-36.499,8.789,10.254
-0.022,-0.740,0.780,-35.400,9.949,9.644
-0.026,-0.771,0.797,-35.034,14.832,8.911
-0.002,-0.805,0.815,-35.950,20.630,9.766
0.043,-0.857,0.836,-38.513,25.757,11.902
0.078,-0.898,0.866,-42.480,27.832,13.489
0.103,-0.937,0.872,-47.302,26.245,15.503
0.106,-0.972,0.883,-52.917,22.766,18.311
0.101,-0.999,0.882,-58.960,17.761,21.301
0.089,-1.026,0.866,-64.392,12.207,23.499
0.054,-1.038,0.850,-68.420,8.789,24.841
0.016,-1.044,0.821,-70.801,8.667,26.733
-0.015,-1.047,0.791,-71.350,12.085,28.564
-0.058,-1.044,0.780,-69.275,18.860,29.114
-0.077,-1.059,0.774,-64.697,27.710,28.687
-0.072,-1.096,0.759,-58.777,37.659,26.306
-0.052,-1.117,0.737,-55.847,47.791,22.888
-0.009,-1.100,0.733,-57.068,57.373,20.813
0.074,-1.056,0.750,-60.059,64.575,19.836
0.140,-0.991,0.775,-63.171,67.261,20.203
0.183,-0.945,0.806,-65.186,64.636,21.545
0.222,-0.920,0.817,-65.796,58.411,23.743
0.203,-0.853,0.818,-66.467,51.025,25.757
0.184,-0.770,0.825,-65.735,45.166,26.611
0.204,-0.694,0.817,-62.561,40.771,26.489
0.224,-0.622,0.831,-56.946,36.194,23.865
0.258,-0.591,0.866,-49.683,29.724,18.860
0.249,-0.566,0.878,-41.382,21.118,12.024
0.187,-0.552,0.896,-36.499,15.137,6.470
0.175,-0.562,0.937,-36.743,15.076,5.798
0.238,-0.560,0.990,-41.199,17.212,6.714
0.258,-0.510,1.017,-46.631,15.808,1.404
0.236,-0.456,1.005,-50.964,12.329,-9.155
0.262,-0.402,0.973,-54.138,11.169,-19.775
0.304,-0.345,0.937,-54.993,12.268,-29.175
0.316,-0.282,0.909,-52.002,14.343,-38.757
0.342,-0.214,0.912,-45.715,18.250,-45.776
0.390,-0.179,0.937,-35.950,22.339,-48.584
0.435,-0.176,0.978,-23.621,24.292,-48.645
0.453,-0.196,1.010,-11.292,24.719,-46.448
0.447,-0.246,1.046,-1.587,25.269,-43.030
0.457,-0.309,1.099,4.333,29.175,-39.063
0.485,-0.356,1.135,5.859,35.400,-35.889

0.098,-2.577,1.213,37.292,-147.400,6.714
0.088,-2.853,1.429,33.386,-115.662,25.452
0.169,-2.923,1.564,14.771,-74.829,25.391
0.248,-2.855,1.585,-6.165,-35.095,6.714
0.354,-2.645,1.633,-21.729,-1.953,-24.292
0.472,-2.374,1.693,-28.076,20.325,-58.167
0.559,-2.091,1.772,-21.851,32.349,-85.754
0.642,-1.840,1.802,-1.221,35.034,-104.431
0.707,-1.703,1.756,29.968,28.687,-115.417
0.753,-1.608,1.666,60.608,17.029,-122.803
0.774,-1.542,1.527,85.022,5.798,-126.892
0.803,-1.536,1.409,100.769,-2.075,-124.512
0.859,-1.577,1.312,106.140,-7.507,-114.502
0.878,-1.686,1.273,101.318,-14.893,-98.083
0.848,-1.950,1.280,90.027,-26.306,-75.439
0.746,-2.256,1.259,73.120,-40.771,-50.537
0.527,-2.443,1.234,53.711,-52.979,-31.311
0.271,-2.419,1.155,35.645,-58.105,-19.836
0.063,-2.106,1.087,18.433,-54.077,-15.320
-0.071,-1.719,0.914,5.432,-46.509,-15.137
-0.151,-1.417,0.774,-0.671,-34.851,-19.775
-0.143,-1.184,0.745,-1.648,-22.217,-26.550
-0.221,-0.913,0.705,-0.183,-8.911,-31.372
-0.036,-0.801,0.672,4.333,-0.244,-28.687
-0.131,-0.715,0.635,12.268,-0.488,-25.879
0.008,-0.653,0.714,18.188,1.587,-23.254
-0.064,-0.563,0.705,26.001,-6.897,-24.475
-0.040,-0.533,0.786,31.067,-15.198,-18.738
-0.014,-0.609,0.797,35.828,-26.367,-11.658
-0.032,-0.632,0.784,37.781,-32.715,-10.620
-0.084,-0.649,0.760,36.255,-31.982,-11.902
-0.094,-0.635,0.727,31.616,-23.376,-13.245
-0.065,-0.597,0.834,26.672,-10.010,-13.489
-0.015,-0.624,0.827,24.414,1.221,-10.315
-0.032,-0.603,0.873,22.827,12.390,-9.216
0.030,-0.601,0.969,23.315,17.883,-7.812
0.060,-0.704,0.926,25.818,14.526,-7.263
0.060,-0.708,0.964,26.001,11.108,-11.658
0.055,-0.742,0.928,25.940,4.456,-16.785
0.062,-0.777,0.913,24.353,-0.122,-20.447
0.075,-0.815,0.887,22.339,-3.052,-21.790
0.084,-0.854,0.872,19.897,-3.662,-22.278
0.088,-0.862,0.866,17.090,-1.587,-22.278
0.104,-0.882,0.848,13.855,0.488,-21.240
0.112,-0.879,0.821,10.132,2.930,-20.142
0.110,-0.839,0.804,5.493,5.737,-18.982
0.119,-0.812,0.791,1.404,7.812,-16.724
0.125,-0.759,0.750,-2.625,7.874,-14.832
0.064,-0.704,0.714,-6.592,8.667,-11.963
0.169,-0.594,0.807,-9.888,8.850,-6.714
0.161,-0.708,0.626,-8.179,-0.244,0.183
0.050,-0.614,0.682,-10.315,-0.427,0.610
0.036,-0.527,0.731,-11.719,0.610,2.686
0.054,-0.575,0.719,-8.301,-3.784,7.324
0.083,-0.586,0.755,-6.348,-8.728,10.254
0.043,-0.584,0.759,-4.395,-17.395,10.620
-0.016,-0.604,0.723,-2.136,-26.367,10.986
-0.107,-0.586,0.718,-0.732,-29.663,10.132
-0.138,-0.619,0.693,1.038,-26.611,8.057
-0.162,-0.649,0.675,2.930,-18.005,4.089
-0.144,-0.669,0.694,2.686,-5.676,-0.183
-0.094,-0.693,0.711,1.221,5.310,-3.479
-0.038,-0.695,0.745,-1.343,13.428,-6.042
0.013,-0.694,0.760,-4.211,17.151,-7.812
0.046,-0.693,0.768,-6.348,16.785,-8.057
0.059,-0.680,0.769,-7.874,14.099,-7.935
0.070,-0.693,0.760,-7.935,10.315,-7.141
0.073,-0.699,0.752,-7.507,6.836,-6.287
0.102,-0.722,0.748,-7.446,3.479,-4.639
0.083,-0.718,0.754,-7.568,0.427,-3.357
0.094,-0.706,0.754,-7.568,-2.319,-2.747
0.076,-0.717,0.755,-7.385,-5.493,-0.854
0.069,-0.736,0.734,-7.751,-7.202,1.343
0.034,-0.730,0.719,-8.118,-7.324,1.709
0.026,-0.735,0.695,-8.789,-5.188,0.977
0.009,-0.726,0.684,-9.827,-0.916,-0.793
0.007,-0.703,0.676,-11.047,4.578,-2.686
0.008,-0.692,0.675,-12.268,10.498,-3.296
0.006,-0.671,0.683,-12.512,15.869,-3.784
0.006,-0.650,0.699,-11.475,20.386,-4.700
0.021,-0.641,0.734,-9.399,24.353,-5.798
0.071,-0.646,0.774,-7.446,26.123,-5.188
0.111,-0.658,0.807,-6.836,23.682,-3.357
0.139,-0.658,0.837,-8.240,17.273,-0.427
0.123,-0.658,0.852,-10.498,7.812,2.808
0.081,-0.657,0.854,-12.207,-1.587,5.127
0.030,-0.658,0.847,-13.245,-8.057,6.592
-0.013,-0.677,0.835,-13.916,-10.620,7.141
-0.053,-0.706,0.818,-14.893,-9.094,6.409
-0.083,-0.736,0.802,-16.235,-3.418,4.333
-0.097,-0.756,0.789,-18.860,5.859,1.282
-0.099,-0.769,0.783,-21.729,17.456,-1.648
-0.062,-0.777,0.797,-24.353,29.968,-3.418
0.021,-0.781,0.832,-26.367,40.039,-4.028
0.093,-0.793,0.858,-28.015,43.274,-3.113
0.138,-0.810,0.875,-29.724,40.039,-0.793
0.155,-0.825,0.882,-31.311,32.166,2.014
0.142,-0.838,0.873,-32.288,22.461,4.395
0.118,-0.858,0.858,-32.593,14.648,6.409
0.092,-0.879,0.834,-32.410,10.193,8.057
0.051,-0.902,0.808,-32.349,10.437,8.911
-0.013,-0.934,0.806,-32.410,16.724,9.827
-0.057,-0.965,0.810,-33.264,29.114,11.108
-0.097,-0.984,0.820,-35.461,45.471,11.292
-0.133,-1.003,0.828,-38.879,64.087,10.132
-0.133,-0.995,0.815,-43.396,82.703,7.202
-0.104,-0.947,0.789,-49.622,99.182,2.136
-0.056,-0.884,0.761,-55.664,111.633,-3.967
0.007,-0.817,0.760,-60.364,118.835,-10.132
0.091,-0.754,0.787,-62.073,121.094,-13.306
0.219,-0.717,0.826,-60.547,117.371,-10.681
0.392,-0.709,0.891,-57.617,104.614,-3.723
0.492,-0.725,0.924,-53.162,79.163,5.005
0.509,-0.738,0.921,-47.791,45.410,12.939
0.486,-0.750,0.867,-43.396,11.108,19.653
0.405,-0.752,0.799,-40.405,-17.578,24.902
0.290,-0.773,0.734,-39.490,-35.400,28.015
0.196,-0.802,0.666,-40.527,-40.344,29.480
0.134,-0.771,0.632,-43.335,-33.325,28.625

-0.048,-1.817,0.975,-31.128,-74.890,-127.502
-0.005,-2.116,0.865,16.357,-128.967,-153.320
-0.042,-2.574,0.642,61.951,-167.358,-167.542
-0.202,-3.057,0.538,88.684,-169.983,-167.664
-0.318,-3.443,0.519,92.285,-135.681,-157.349
-0.349,-3.826,0.654,87.585,-72.571,-152.161
-0.237,-3.911,0.785,82.642,6.531,-171.326
0.045,-3.436,0.985,83.191,88.196,-199.890
0.479,-2.953,1.062,89.478,154.480,-219.055
0.991,-2.632,1.119,94.421,193.848,-225.464
1.459,-2.347,1.154,89.417,194.275,-212.219
1.683,-1.946,1.243,76.050,156.860,-182.434
1.730,-1.520,1.365,63.843,89.355,-142.090
1.538,-1.351,1.378,60.730,3.906,-96.924
1.082,-1.251,1.323,62.683,-78.796,-57.007
0.533,-1.328,1.237,65.979,-146.851,-19.836
0.012,-1.479,1.089,64.758,-191.772,5.371
-0.426,-1.587,0.904,52.795,-211.304,15.259
-0.752,-1.632,0.735,29.358,-205.811,12.695
-0.931,-1.629,0.596,1.770,-179.810,2.686
-1.019,-1.632,0.510,-24.414,-138.977,-9.460
-0.995,-1.761,0.467,-45.044,-90.210,-19.653
-0.867,-2.072,0.445,-59.204,-41.687,-24.780
-0.667,-2.403,0.442,-69.397,1.343,-28.076
-0.480,-2.563,0.420,-75.867,35.522,-33.630
-0.327,-2.372,0.391,-79.529,62.195,-36.804
-0.136,-1.826,0.347,-80.566,82.092,-30.579
0.050,-1.412,0.344,-76.172,93.567,-15.320
0.144,-1.108,0.392,-67.017,93.750,2.930
0.145,-0.869,0.480,-56.519,81.177,22.644
0.104,-0.693,0.576,-44.067,55.603,42.053
-0.005,-0.674,0.615,-27.588,21.851,57.007
-0.118,-0.680,0.706,-9.644,-10.742,62.927
-0.277,-0.690,0.680,5.432,-36.377,56.030
-0.365,-0.640,0.806,16.235,-47.302,40.771
-0.373,-0.735,0.647,23.865,-50.293,26.794
-0.433,-0.660,0.741,22.034,-35.461,13.550
-0.394,-0.681,0.766,17.456,-15.381,4.822
-0.319,-0.639,0.823,13.977,7.751,-4.272
-0.148,-0.689,0.921,10.498,26.245,-9.521
-0.011,-0.677,1.015,6.470,34.546,-14.587
0.100,-0.653,1.065,0.732,30.334,-16.418
0.166,-0.660,1.056,-3.723,15.381,-13.367
0.113,-0.621,1.026,-5.737,-1.526,-10.010
0.029,-0.615,1.006,-4.822,-13.794,-5.859
-0.021,-0.686,0.935,-1.343,-20.264,-2.197
-0.101,-0.758,0.896,1.953,-19.287,-0.732
-0.170,-0.764,0.865,3.479,-12.268,-2.258
-0.199,-0.778,0.843,5.554,-2.380,-4.028
-0.186,-0.805,0.834,8.484,9.705,-6.836
-0.145,-0.838,0.828,10.925,21.851,-9.888
-0.080,-0.889,0.789,10.925,31.738,-11.658
-0.006,-0.861,0.809,6.409,39.978,-13.245
0.128,-0.859,0.830,0.854,41.626,-12.146
0.232,-0.855,0.842,-5.310,35.828,-9.216
0.222,-0.816,0.769,-13.367,24.231,-6.104
0.155,-0.754,0.719,-21.790,13.855,-2.502
0.090,-0.691,0.679,-27.283,7.690,2.197
0.050,-0.630,0.666,-29.053,5.066,8.240
0.053,-0.616,0.650,-28.381,2.441,16.296
-0.063,-0.642,0.572,-25.085,-2.014,21.484
-0.172,-0.573,0.584,-22.949,-1.709,22.461
-0.203,-0.575,0.594,-17.883,-0.427,22.522
-0.200,-0.592,0.629,-11.475,-0.427,20.386
-0.199,-0.612,0.662,-5.249,-3.479,17.151
-0.223,-0.626,0.697,-0.244,-8.118,13.672
-0.255,-0.654,0.722,2.747,-11.230,11.108
-0.283,-0.691,0.732,3.723,-10.498,8.240
-0.293,-0.720,0.744,2.075,-4.944,3.723
-0.253,-0.733,0.775,-1.282,3.174,-0.305
-0.214,-0.748,0.790,-5.737,11.719,-3.235
-0.171,-0.697,0.795,-11.108,19.287,-6.409
-0.106,-0.693,0.803,-14.038,23.865,-7.080
-0.074,-0.678,0.790,-15.076,26.611,-7.629
-0.048,-0.667,0.793,-15.015,27.527,-7.751
-0.013,-0.685,0.801,-13.672,25.879,-6.775
0.038,-0.702,0.821,-11.536,21.240,-5.310
0.075,-0.716,0.822,-10.254,12.329,-2.197
0.079,-0.719,0.806,-9.949,1.221,2.014
0.058,-0.728,0.788,-9.949,-7.874,4.944
0.040,-0.723,0.766,-10.986,-13.489,6.226
0.010,-0.707,0.751,-12.756,-15.381,6.042
-0.011,-0.674,0.756,-14.587,-13.367,6.775
-0.011,-0.642,0.779,-15.930,-9.216,9.888
-0.005,-0.616,0.805,-15.869,-6.531,12.695
-0.030,-0.598,0.825,-14.404,-6.531,13.123
-0.072,-0.589,0.839,-12.573,-7.874,12.451
-0.114,-0.591,0.851,-10.193,-8.972,11.475
-0.142,-0.623,0.856,-7.812,-8.484,10.010
-0.147,-0.655,0.853,-7.141,-6.287,8.972
-0.138,-0.670,0.837,-9.277,-3.845,7.263
-0.110,-0.661,0.837,-12.939,-1.465,5.249
-0.082,-0.622,0.834,-16.724,-1.221,5.249
-0.071,-0.565,0.841,-17.822,-3.113,6.287
-0.081,-0.511,0.857,-15.503,-6.775,7.812
-0.111,-0.504,0.878,-9.521,-11.108,9.094
-0.142,-0.530,0.881,-2.686,-14.709,9.583
-0.190,-0.557,0.875,3.235,-15.747,8.240
-0.235,-0.583,0.863,7.141,-12.939,4.761
-0.239,-0.617,0.845,10.376,-5.554,-0.488
-0.231,-0.646,0.829,12.024,5.371,-7.324
-0.182,-0.673,0.830,11.780,17.639,-15.015
-0.094,-0.707,0.827,9.155,27.771,-20.813
-0.025,-0.729,0.817,3.296,33.875,-24.109
0.028,-0.730,0.796,-3.845,36.133,-25.330
0.064,-0.719,0.767,-10.010,35.400,-25.146
0.104,-0.711,0.753,-14.221,32.837,-23.132
0.153,-0.706,0.756,-16.052,27.893,-19.287
0.171,-0.706,0.751,-15.686,19.348,-13.672
0.150,-0.724,0.734,-14.343,9.033,-6.714
0.093,-0.765,0.702,-12.695,-0.366,-0.366
0.027,-0.806,0.670,-12.146,-6.104,5.493
-0.026,-0.838,0.649,-12.695,-7.996,10.803
-0.072,-0.870,0.641,-15.137,-6.409,15.381
-0.101,-0.884,0.630,-19.348,-2.502,19.531
-0.125,-0.898,0.604,-24.841,3.601,22.034
-0.124,-0.921,0.584,-30.518,11.780,21.606
-0.110,-0.923,0.567,-37.292,21.423,18.127
-0.105,-0.864,0.596,-45.654,31.799,15.015

-1.030,-2.233,0.328,-112.610,-166.321,-47.668
-1.139,-2.392,0.375,-75.684,-151.123,-68.848
-1.092,-2.663,0.508,-11.536,-127.197,-91.797
-0.988,-3.259,0.533,65.430,-98.694,-113.831
-0.718,-3.865,0.631,136.353,-62.195,-136.414
-0.399,-4.000,0.845,183.167,-21.667,-162.354
-0.084,-4.000,0.940,200.439,14.832,-180.237
0.144,-3.899,0.957,192.810,50.171,-185.791
0.402,-3.519,0.932,165.161,90.881,-184.814
0.688,-3.105,0.821,127.441,137.939,-178.528
0.959,-2.752,0.759,86.609,185.669,-161.499
1.221,-2.382,0.843,47.913,219.116,-137.939
1.438,-1.976,1.047,18.982,222.656,-107.056
1.440,-1.675,1.244,2.686,187.988,-71.655
1.197,-1.509,1.376,-3.967,123.657,-32.776
0.785,-1.412,1.426,-5.615,44.739,2.808
0.301,-1.406,1.416,-5.371,-33.386,26.245
-0.133,-1.492,1.216,-6.531,-99.609,32.715
-0.524,-1.551,0.944,-16.052,-140.564,23.132
-0.750,-1.577,0.708,-34.790,-150.330,7.629
-0.824,-1.538,0.534,-57.251,-134.155,-5.249
-0.788,-1.435,0.459,-75.378,-102.173,-13.245
-0.578,-1.402,0.410,-84.717,-65.552,-14.832
-0.432,-1.355,0.385,-86.182,-31.860,-17.761
-0.277,-1.262,0.430,-82.581,-4.700,-22.461
-0.117,-1.251,0.477,-73.242,12.817,-24.841
-0.026,-1.255,0.548,-61.462,21.057,-23.987
0.027,-1.345,0.662,-50.049,21.301,-17.517
-0.075,-1.335,0.648,-40.283,15.808,-9.766
-0.111,-1.384,0.790,-34.607,13.916,2.136
-0.152,-1.468,0.664,-27.222,9.460,12.695
-0.205,-1.488,0.803,-21.606,15.320,14.709
-0.181,-1.388,0.707,-17.578,21.301,8.362
-0.149,-1.288,0.718,-13.367,31.738,-0.793
-0.097,-1.175,0.697,-10.315,42.908,-7.751
-0.028,-1.060,0.694,-7.812,52.917,-10.254
0.078,-0.945,0.786,-5.493,56.702,-9.399
0.083,-0.812,0.806,-3.296,49.805,-7.202
0.085,-0.784,0.802,-3.052,35.583,-1.953
0.053,-0.733,0.849,-3.174,17.334,-0.183
0.022,-0.677,0.877,-1.221,-2.747,-1.526
-0.041,-0.648,0.845,1.343,-21.057,-2.319
-0.102,-0.636,0.823,5.493,-34.485,-1.404
-0.171,-0.678,0.723,9.827,-40.161,-1.160
-0.222,-0.645,0.713,12.329,-34.363,-3.845
-0.232,-0.633,0.701,16.052,-23.437,-7.080
-0.211,-0.640,0.704,19.287,-10.498,-9.583
-0.175,-0.643,0.717,22.095,0.916,-11.292
-0.134,-0.633,0.746,24.475,9.155,-11.597
-0.070,-0.627,0.767,26.245,12.024,-9.766
-0.012,-0.651,0.779,27.954,9.338,-7.019
-0.001,-0.630,0.797,28.870,2.502,-5.066
-0.017,-0.653,0.756,28.931,-6.104,-3.174
-0.089,-0.629,0.758,28.442,-11.597,-2.808
-0.153,-0.617,0.740,28.809,-11.780,-3.357
-0.151,-0.632,0.750,28.564,-7.202,-3.479
0.017,-0.679,0.824,27.161,-4.333,-2.502
-0.033,-0.841,0.655,23.560,-3.418,-6.165
0.007,-0.716,0.662,8.911,3.479,-10.742
0.099,-0.764,0.734,2.502,2.930,-7.019
0.138,-0.776,0.654,-8.057,2.075,-4.700
0.133,-0.736,0.634,-16.785,0.244,-1.099
0.107,-0.754,0.601,-20.874,-3.967,3.967
0.072,-0.746,0.574,-23.926,-6.592,7.751
0.013,-0.741,0.542,-24.170,-8.057,10.559
-0.030,-0.742,0.524,-22.583,-7.019,13.306
-0.061,-0.756,0.503,-19.836,-3.906,14.893
-0.079,-0.739,0.521,-16.907,0.793,14.709
-0.066,-0.745,0.523,-13.611,4.578,14.404
-0.083,-0.747,0.514,-11.292,6.897,14.160
-0.080,-0.730,0.555,-9.583,9.155,13.916
-0.093,-0.723,0.624,-7.690,9.766,14.404
-0.071,-0.754,0.615,-6.592,7.690,15.320
-0.116,-0.724,0.648,-6.836,5.859,13.794
-0.130,-0.696,0.639,-6.775,4.578,12.146
-0.127,-0.681,0.649,-5.066,4.639,9.644
-0.095,-0.672,0.665,-2.197,5.005,6.226
-0.045,-0.667,0.674,1.892,4.456,2.930
-0.002,-0.673,0.696,4.333,1.221,1.709
0.015,-0.670,0.725,6.042,-4.211,2.441
0.004,-0.678,0.729,7.629,-10.010,4.578
-0.022,-0.692,0.732,9.338,-14.526,6.470
-0.065,-0.704,0.734,10.498,-16.357,7.080
-0.101,-0.710,0.731,11.169,-13.733,6.409
-0.119,-0.715,0.739,10.986,-7.629,4.944
-0.121,-0.725,0.746,10.376,-0.549,2.563
-0.112,-0.732,0.757,9.460,7.446,0.000
-0.086,-0.737,0.773,7.874,15.015,-2.014
-0.057,-0.735,0.788,6.226,20.569,-3.052
-0.030,-0.729,0.805,4.883,23.987,-3.174
-0.006,-0.744,0.816,3.906,25.024,-3.174
0.005,-0.726,0.848,3.113,24.048,-2.686
-0.002,-0.756,0.815,2.869,20.874,-1.831
-0.022,-0.723,0.815,1.221,18.555,-1.587
-0.019,-0.734,0.800,1.160,15.686,-0.122
-0.017,-0.744,0.793,1.038,12.695,1.099
-0.024,-0.727,0.788,0.244,9.277,2.014
-0.030,-0.717,0.791,-0.366,5.066,3.357
-0.045,-0.709,0.788,-0.061,0.549,4.883
-0.075,-0.710,0.765,0.366,-2.808,5.859
-0.105,-0.711,0.750,-0.427,-5.005,6.409
-0.130,-0.705,0.737,-1.892,-5.188,6.104
-0.155,-0.695,0.721,-3.113,-3.418,4.883
-0.161,-0.690,0.711,-3.967,-0.244,3.418
-0.157,-0.687,0.711,-4.150,3.418,1.404
-0.145,-0.693,0.713,-3.845,7.507,-1.343
-0.111,-0.713,0.700,-4.333,10.864,-3.174
-0.073,-0.720,0.699,-6.104,12.939,-3.662
-0.045,-0.714,0.691,-8.240,12.756,-3.784
-0.032,-0.694,0.680,-9.949,11.230,-3.296
-0.027,-0.671,0.678,-10.864,8.789,-2.136
-0.042,-0.653,0.678,-10.437,5.798,-0.427
-0.062,-0.646,0.684,-7.812,3.235,0.488
-0.075,-0.660,0.697,-4.761,1.526,1.038
-0.079,-0.687,0.709,-2.380,0.183,0.916
-0.094,-0.704,0.710,-1.282,-0.977,-0.366
-0.101,-0.710,0.705,-1.038,-1.038,-2.136
-0.097,-0.712,0.708,-1.587,0.305,-4.089
-0.071,-0.706,0.720,-1.465,2.747,-6.470

-0.100,-2.426,0.773,138.916,-140.625,-43.457
-0.018,-2.773,0.855,177.124,-145.508,-47.058
-0.132,-3.385,1.039,206.909,-138.306,-47.363
-0.200,-3.928,1.344,224.548,-114.868,-49.866
-0.263,-4.000,1.463,229.675,-81.848,-56.213
-0.275,-4.000,1.501,210.205,-37.537,-67.932
-0.237,-3.990,1.537,172.852,9.094,-81.970
-0.201,-3.754,1.642,133.423,52.917,-97.961
-0.024,-3.412,1.640,100.586,87.402,-117.310
0.238,-3.085,1.586,70.129,113.098,-137.817
0.560,-2.725,1.475,40.771,126.160,-150.269
0.870,-2.316,1.370,15.503,124.756,-149.719
1.073,-1.927,1.296,-4.517,110.596,-135.925
1.132,-1.616,1.234,-19.409,84.473,-111.450
1.012,-1.429,1.173,-28.320,50.659,-78.857
0.787,-1.352,1.121,-33.569,15.320,-42.603
0.484,-1.327,1.076,-37.720,-18.982,-9.888
0.162,-1.352,1.033,-40.100,-51.086,14.832
-0.101,-1.447,0.985,-41.626,-79.041,29.358
-0.330,-1.583,0.922,-43.823,-99.609,30.273
-0.543,-1.733,0.871,-45.715,-110.352,21.851
-0.723,-1.881,0.820,-44.678,-107.544,9.338
-0.814,-1.938,0.786,-40.344,-89.478,-5.493
-0.815,-1.849,0.725,-33.691,-58.350,-21.667
-0.625,-1.653,0.662,-26.245,-19.409,-36.743
-0.507,-1.291,0.673,-17.944,19.409,-52.002
-0.133,-1.108,0.601,-9.338,49.316,-55.054
0.046,-0.974,0.695,-4.089,68.420,-52.246
0.304,-0.824,0.662,-5.798,76.599,-44.922
0.323,-0.605,0.744,-9.338,68.359,-32.959
0.384,-0.498,0.836,-12.878,46.143,-3.845
0.376,-0.533,0.840,-11.292,8.972,25.818
0.174,-0.506,0.795,-7.202,-29.053,45.166
-0.033,-0.430,0.803,-0.549,-62.073,57.129
-0.198,-0.571,0.694,12.329,-88.623,62.012
-0.482,-0.527,0.729,24.597,-95.398,51.208
-0.516,-0.500,0.707,33.936,-87.341,37.659
-0.614,-0.613,0.546,42.358,-68.481,20.020
-0.541,-0.641,0.695,43.884,-30.701,-1.038
-0.395,-0.658,0.696,42.664,0.916,-18.799
-0.273,-0.642,0.782,37.170,29.724,-29.907
-0.095,-0.669,0.807,28.992,49.133,-34.058
-0.008,-0.641,0.890,22.217,56.396,-35.095
0.087,-0.613,0.923,16.541,53.650,-31.128
0.133,-0.646,0.952,13.794,41.077,-25.269
0.156,-0.679,0.962,12.024,23.926,-20.935
0.132,-0.720,0.949,10.925,5.371,-19.165
0.073,-0.752,0.919,9.460,-9.827,-18.799
0.021,-0.811,0.881,7.874,-18.738,-18.372
-0.013,-0.846,0.829,5.127,-20.081,-19.531
-0.026,-0.888,0.779,1.221,-14.893,-20.325
-0.005,-0.924,0.745,-4.883,-5.737,-20.142
0.005,-0.914,0.719,-12.207,4.883,-19.470
0.040,-0.893,0.712,-19.958,14.954,-16.968
0.070,-0.851,0.702,-26.245,22.400,-13.916
0.071,-0.797,0.688,-29.724,26.550,-11.536
0.075,-0.745,0.682,-30.212,28.381,-9.521
0.073,-0.693,0.667,-29.358,28.198,-7.263
0.070,-0.644,0.656,-27.344,26.123,-5.249
0.068,-0.608,0.648,-26.062,22.034,-2.747
0.068,-0.566,0.645,-24.231,16.479,0.427
0.068,-0.553,0.652,-21.851,9.460,4.456
0.034,-0.502,0.665,-18.860,1.709,7.935
0.018,-0.502,0.662,-15.503,-6.409,12.756
-0.017,-0.506,0.666,-11.841,-13.916,16.724
-0.070,-0.490,0.678,-7.812,-19.531,18.799
-0.118,-0.499,0.672,-3.357,-22.461,20.020
-0.170,-0.522,0.666,1.221,-21.057,19.348
-0.206,-0.538,0.676,4.761,-14.832,16.296
-0.199,-0.564,0.703,7.690,-6.042,12.207
-0.170,-0.592,0.730,9.705,2.930,7.324
-0.141,-0.609,0.762,10.498,10.803,2.136
-0.109,-0.630,0.785,10.498,16.602,-2.014
-0.066,-0.643,0.806,10.254,20.325,-4.272
-0.020,-0.655,0.826,8.606,21.484,-5.554
0.027,-0.664,0.840,6.470,19.958,-4.944
0.048,-0.664,0.843,3.723,15.625,-3.601
0.048,-0.662,0.843,1.465,9.949,-1.892
0.040,-0.664,0.836,-0.305,4.700,0.732
0.025,-0.665,0.822,-1.404,0.305,2.930
0.009,-0.659,0.808,-2.808,-1.892,4.883
-0.009,-0.649,0.793,-3.479,-2.319,5.737
-0.024,-0.636,0.789,-4.028,-1.038,5.859
-0.036,-0.626,0.787,-4.333,1.282,5.676
-0.050,-0.623,0.786,-4.639,3.967,5.310
-0.061,-0.619,0.792,-5.188,6.470,5.310
-0.054,-0.607,0.798,-5.615,9.155,5.554
-0.046,-0.598,0.806,-5.859,10.742,5.127
-0.048,-0.593,0.813,-6.104,10.132,5.005
-0.056,-0.585,0.814,-5.920,8.179,4.578
-0.064,-0.580,0.811,-5.981,5.798,4.211
-0.077,-0.580,0.806,-5.798,3.662,3.723
-0.086,-0.575,0.808,-5.432,2.441,3.540
-0.098,-0.574,0.809,-4.883,1.526,3.235
-0.107,-0.571,0.816,-4.272,1.099,2.808
-0.114,-0.576,0.817,-3.296,0.488,2.319
-0.117,-0.585,0.819,-2.197,0.122,1.709
-0.117,-0.590,0.826,-2.014,-0.061,0.671
-0.116,-0.589,0.833,-2.441,0.244,-0.366
-0.112,-0.591,0.834,-2.502,0.610,-1.343
-0.104,-0.591,0.838,-3.235,1.343,-2.380
-0.088,-0.606,0.843,-4.089,1.709,-3.052
-0.066,-0.615,0.849,-5.066,1.343,-3.174
-0.051,-0.612,0.852,-6.714,-0.366,-3.052
-0.053,-0.601,0.850,-8.789,-2.869,-2.563
-0.058,-0.599,0.843,-9.949,-4.883,-1.770
-0.063,-0.591,0.836,-10.498,-6.165,-0.854
-0.064,-0.592,0.810,-10.864,-6.592,-0.793
-0.060,-0.571,0.805,-11.597,-5.737,-1.526
-0.043,-0.568,0.784,-12.207,-4.944,-2.136
-0.044,-0.552,0.775,-12.451,-3.662,-2.625
-0.036,-0.553,0.773,-12.268,-2.502,-1.892
-0.040,-0.553,0.776,-10.925,-1.953,-1.038
-0.034,-0.543,0.791,-9.338,-1.770,-0.671
-0.032,-0.543,0.799,-6.836,-3.052,-0.427
-0.032,-0.547,0.805,-5.432,-5.005,0.122
-0.036,-0.548,0.802,-4.883,-7.141,0.244
-0.037,-0.548,0.802,-5.249,-8.972,0.122
-0.045,-0.546,0.799,-5.859,-9.949,0.122

-0.207,-1.667,1.440,76.599,-153.259,14.587
-0.280,-1.866,1.451,131.531,-166.748,2.258
-0.394,-2.023,1.470,176.697,-167.603,-14.709
-0.543,-2.246,1.369,211.426,-156.616,-33.752
-0.677,-2.468,1.379,232.300,-126.892,-53.772
-0.815,-2.589,1.349,232.910,-78.064,-69.031
-0.920,-2.657,1.215,213.867,-17.700,-70.862
-0.853,-2.683,1.098,179.871,54.749,-69.458
-0.628,-2.631,1.129,144.165,134.216,-77.637
-0.353,-2.497,1.187,113.342,201.172,-98.755
-0.017,-2.325,1.228,83.252,246.460,-124.573
0.259,-2.106,1.157,52.307,266.907,-150.635
0.484,-1.818,1.151,22.522,270.508,-166.077
0.729,-1.580,1.125,-0.793,256.409,-162.903
0.919,-1.368,1.135,-16.418,228.088,-145.813
1.012,-1.167,1.154,-25.208,186.157,-121.155
0.999,-1.035,1.131,-27.466,132.568,-91.003
0.884,-1.001,1.094,-25.269,74.158,-57.495
0.700,-1.025,1.027,-20.996,16.174,-24.170
0.471,-1.025,0.943,-17.578,-34.790,5.249
0.235,-1.036,0.859,-15.442,-76.050,29.846
0.009,-1.035,0.780,-14.526,-104.431,47.485
-0.181,-1.029,0.729,-13.611,-119.873,57.983
-0.312,-1.032,0.706,-12.878,-125.305,60.547
-0.448,-1.039,0.700,-11.047,-123.169,53.772
-0.547,-1.043,0.734,-6.592,-114.075,40.710
-0.562,-1.089,0.753,-0.732,-101.196,26.245
-0.582,-1.118,0.742,4.761,-84.351,9.460
-0.525,-1.121,0.754,7.996,-61.829,-7.385
-0.421,-1.143,0.752,9.338,-37.720,-21.423
-0.313,-1.183,0.773,8.179,-13.916,-31.738
-0.209,-1.283,0.773,5.432,7.202,-36.987
-0.083,-1.279,0.968,1.282,27.832,-38.452
-0.068,-1.484,0.693,-1.038,39.856,-35.706
-0.027,-1.450,1.033,-5.310,62.805,-37.354
0.107,-1.332,0.790,-7.751,66.162,-34.851
0.090,-1.273,0.910,-11.169,72.388,-28.137
0.183,-1.156,0.883,-14.221,73.120,-22.888
0.158,-1.005,0.929,-15.930,64.026,-17.395
0.205,-0.890,0.900,-18.372,49.988,-9.155
0.140,-0.827,0.848,-18.982,33.630,-2.441
0.060,-0.745,0.837,-20.447,22.461,2.563
0.082,-0.770,0.805,-21.973,14.038,7.874
0.091,-0.732,0.777,-25.574,8.179,8.728
0.083,-0.688,0.743,-30.212,3.418,10.681
0.107,-0.677,0.741,-34.058,-0.061,11.902
0.099,-0.632,0.713,-37.048,-4.150,10.925
0.075,-0.591,0.684,-38.086,-6.775,10.071
0.036,-0.516,0.673,-36.804,-6.592,8.911
0.015,-0.471,0.656,-32.715,-4.333,9.888
0.021,-0.459,0.666,-26.428,-0.183,12.024
0.009,-0.436,0.693,-18.921,4.761,13.733
0.021,-0.443,0.729,-11.230,7.874,17.090
0.007,-0.451,0.741,-4.761,8.911,20.386
-0.002,-0.465,0.779,-0.061,8.972,22.949
-0.017,-0.484,0.786,2.808,7.446,24.841
-0.039,-0.486,0.797,3.357,6.287,25.085
-0.057,-0.487,0.790,3.662,4.761,23.926
-0.090,-0.489,0.787,3.967,4.761,21.423
-0.103,-0.493,0.778,5.066,6.104,17.639
-0.076,-0.488,0.792,7.080,9.094,12.695
-0.029,-0.490,0.813,9.583,10.132,8.545
-0.003,-0.495,0.814,12.268,7.751,5.676
0.005,-0.508,0.819,15.259,3.967,4.395
-0.002,-0.530,0.826,18.005,1.099,4.639
-0.008,-0.550,0.832,19.043,0.244,5.981
-0.011,-0.570,0.833,19.043,1.282,6.714
-0.019,-0.577,0.842,17.883,3.784,6.409
-0.024,-0.586,0.843,16.235,6.592,5.249
-0.031,-0.579,0.860,14.404,9.583,3.662
-0.025,-0.577,0.862,12.451,11.475,2.441
-0.017,-0.563,0.857,10.437,11.780,0.610
-0.015,-0.548,0.856,9.155,11.047,-1.221
-0.023,-0.523,0.852,8.606,9.705,-2.808
-0.028,-0.498,0.839,9.827,8.789,-3.723
-0.018,-0.490,0.840,12.085,9.338,-3.906
-0.007,-0.485,0.847,14.282,10.071,-3.906
0.002,-0.481,0.862,15.686,9.644,-3.784
0.011,-0.481,0.890,16.357,7.446,-3.723
0.010,-0.503,0.901,16.724,3.662,-3.174
-0.000,-0.504,0.927,16.663,-0.122,-3.113
-0.015,-0.536,0.918,16.418,-3.601,-3.174
-0.034,-0.548,0.915,15.198,-5.005,-4.089
-0.039,-0.558,0.899,13.306,-4.517,-6.104
-0.028,-0.587,0.880,10.742,-2.563,-8.301
-0.019,-0.565,0.879,7.874,0.732,-10.925
0.006,-0.563,0.885,6.042,4.028,-11.475
0.047,-0.572,0.902,5.249,5.493,-10.620
0.065,-0.570,0.905,4.761,4.395,-8.850
0.081,-0.581,0.913,4.272,0.977,-5.981
0.064,-0.584,0.910,3.845,-3.784,-3.967
0.031,-0.581,0.898,3.357,-7.874,-3.296
0.000,-0.590,0.888,2.686,-9.583,-3.418
-0.028,-0.590,0.873,1.465,-8.911,-4.211
-0.027,-0.589,0.871,0.549,-5.798,-4.761
-0.005,-0.594,0.872,-0.916,-2.319,-4.944
0.012,-0.596,0.881,-3.357,-0.488,-4.395
0.019,-0.587,0.883,-5.432,-0.732,-3.540
0.014,-0.573,0.878,-6.897,-1.770,-3.235
0.014,-0.561,0.876,-7.507,-2.991,-3.174
0.009,-0.560,0.870,-7.629,-4.211,-3.113
0.002,-0.564,0.868,-7.141,-4.761,-3.113
0.001,-0.571,0.871,-7.385,-4.395,-2.930
-0.005,-0.578,0.875,-7.996,-3.784,-2.563
-0.009,-0.589,0.879,-8.423,-3.235,-2.502
-0.006,-0.603,0.878,-9.155,-2.563,-2.747
0.003,-0.626,0.879,-10.315,-1.404,-3.235
0.025,-0.657,0.870,-11.719,-0.366,-3.906
0.070,-0.697,0.877,-13.367,1.465,-5.737
0.122,-0.747,0.884,-14.832,3.235,-7.629
0.174,-0.795,0.901,-16.785,3.662,-8.240
0.220,-0.838,0.909,-19.531,3.174,-6.775
0.224,-0.892,0.918,-22.278,2.441,-3.479
0.237,-0.914,0.917,-27.283,2.136,1.526
0.248,-0.915,0.916,-35.522,1.038,8.423
0.227,-0.898,0.912,-44.678,-2.319,15.747
0.188,-0.857,0.910,-53.345,-7.935,22.278
0.116,-0.837,0.917,-58.594,-16.052,27.222
0.036,-0.828,0.918,-59.692,-24.963,30.640

-0.649,-1.031,1.061,-4.761,-113.098,41.992
-0.690,-0.996,0.923,-50.110,-85.815,20.691
-0.557,-1.010,0.883,-68.848,-59.021,-6.897
-0.306,-1.152,0.899,-57.983,-42.419,-33.325
-0.076,-1.419,1.008,-21.606,-38.818,-57.617
0.132,-1.733,1.114,31.616,-49.683,-76.660
0.185,-2.188,1.186,97.412,-65.735,-87.402
0.182,-2.466,1.408,156.799,-75.562,-96.008
0.098,-2.754,1.385,202.454,-81.238,-85.388
0.045,-2.913,1.444,220.886,-69.214,-70.190
0.025,-2.871,1.373,213.867,-48.035,-59.937
-0.077,-2.680,1.263,185.669,-18.555,-62.012
-0.059,-2.435,1.191,145.020,20.142,-72.571
0.054,-2.242,1.135,106.812,56.458,-86.365
0.201,-1.964,1.234,77.515,82.947,-100.464
0.360,-1.726,1.266,62.683,87.585,-105.164
0.494,-1.541,1.293,60.242,74.341,-99.243
0.564,-1.414,1.267,63.721,45.959,-87.769
0.568,-1.343,1.183,68.604,8.850,-76.111
0.502,-1.289,1.077,73.059,-27.405,-69.031
0.387,-1.272,0.962,76.538,-55.847,-67.749
0.270,-1.295,0.857,79.773,-72.937,-69.275
0.164,-1.333,0.745,80.444,-77.148,-69.153
0.089,-1.400,0.657,74.951,-70.435,-65.552
0.041,-1.450,0.590,61.646,-56.641,-57.312
-0.005,-1.434,0.538,42.969,-40.344,-44.312
-0.046,-1.352,0.521,23.499,-22.827,-27.954
-0.075,-1.274,0.527,7.263,-7.324,-9.705
-0.066,-1.197,0.559,-3.784,3.113,7.141
-0.065,-1.127,0.591,-9.766,6.226,19.958
-0.075,-1.072,0.624,-10.620,2.563,26.123
-0.121,-1.035,0.640,-7.568,-4.761,27.954
-0.171,-1.027,0.673,-3.113,-13.123,27.649
-0.270,-1.029,0.672,1.587,-19.531,25.757
-0.306,-1.083,0.653,5.249,-20.264,23.254
-0.369,-1.239,0.655,8.545,-17.944,20.264
-0.350,-1.432,0.650,11.169,-10.254,11.963
-0.357,-1.490,0.673,11.841,-1.465,-1.221
-0.320,-1.606,0.637,14.343,11.658,-9.949
-0.276,-1.646,0.637,18.738,30.396,-21.851
-0.176,-1.485,0.645,22.339,50.049,-32.288
-0.017,-1.411,0.592,22.156,65.247,-35.156
0.092,-1.255,0.645,15.930,79.773,-33.997
0.176,-1.032,0.623,6.348,84.534,-27.100
0.191,-0.893,0.647,-2.563,82.397,-14.954
0.208,-0.782,0.692,-8.728,74.890,-3.845
0.214,-0.689,0.764,-10.193,59.143,5.920
0.174,-0.715,0.744,-8.240,36.987,15.198
0.149,-0.677,0.795,-5.676,12.878,18.555
0.094,-0.654,0.750,-3.967,-14.954,20.630
0.016,-0.689,0.702,-3.662,-39.612,22.400
-0.061,-0.692,0.644,-4.700,-55.542,20.630
-0.129,-0.676,0.601,-5.615,-62.195,17.273
-0.146,-0.690,0.559,-5.981,-60.303,14.954
-0.162,-0.692,0.542,-6.287,-50.476,12.451
-0.163,-0.684,0.532,-6.653,-36.804,10.315
-0.141,-0.690,0.552,-5.920,-21.240,9.033
-0.075,-0.711,0.583,-4.517,-7.507,7.324
-0.028,-0.723,0.612,-2.441,1.892,4.639
0.029,-0.742,0.641,0.488,6.592,2.686
0.052,-0.754,0.654,3.845,6.104,1.526
0.067,-0.770,0.677,7.202,2.747,2.319
0.053,-0.791,0.663,10.559,-2.197,3.967
0.000,-0.812,0.662,13.672,-4.944,5.127
-0.032,-0.845,0.657,15.076,-3.296,5.859
-0.088,-0.841,0.628,14.587,2.686,4.883
-0.063,-0.843,0.647,12.573,12.817,3.052
-0.040,-0.869,0.686,9.521,21.240,1.587
0.025,-0.868,0.706,5.676,26.001,0.732
0.020,-0.867,0.712,2.258,25.391,0.244
0.058,-0.859,0.742,-1.343,22.888,1.160
0.030,-0.807,0.735,-3.479,17.822,2.075
0.041,-0.795,0.737,-4.761,13.245,3.906
-0.005,-0.755,0.712,-5.188,8.911,4.517
-0.020,-0.739,0.702,-4.761,7.141,5.920
-0.046,-0.729,0.675,-3.784,7.080,6.287
-0.069,-0.691,0.684,-3.296,9.644,5.676
-0.066,-0.685,0.676,-1.648,12.146,5.554
-0.085,-0.672,0.687,0.549,14.587,5.188
-0.074,-0.678,0.704,1.831,15.869,5.371
-0.073,-0.690,0.718,2.869,14.893,4.822
-0.077,-0.700,0.730,3.601,12.146,3.235
-0.088,-0.712,0.737,3.540,8.972,1.404
-0.087,-0.730,0.733,2.991,6.409,-0.122
-0.078,-0.750,0.731,1.099,4.333,-1.282
-0.076,-0.762,0.722,-1.892,3.479,-1.953
-0.070,-0.759,0.709,-5.798,3.723,-2.441
-0.059,-0.749,0.701,-9.766,4.456,-2.991
-0.038,-0.730,0.696,-13.062,5.859,-3.418
-0.010,-0.715,0.693,-14.832,6.287,-3.967
0.008,-0.700,0.686,-14.832,5.554,-4.761
0.020,-0.683,0.679,-12.939,3.967,-5.676
0.021,-0.683,0.672,-9.766,2.319,-6.165
0.023,-0.694,0.669,-6.104,1.221,-6.104
0.021,-0.706,0.671,-3.418,0.610,-5.310
0.016,-0.712,0.680,-1.465,0.610,-4.150
0.021,-0.713,0.697,-0.671,0.854,-3.174
0.018,-0.712,0.708,-0.305,0.793,-2.380
0.006,-0.710,0.716,0.244,0.122,-2.625
-0.007,-0.711,0.721,1.160,0.061,-3.418
-0.025,-0.711,0.728,1.831,0.916,-5.249
-0.032,-0.714,0.726,2.380,3.418,-7.019
-0.031,-0.714,0.735,2.075,6.714,-8.423
-0.016,-0.714,0.743,1.465,9.949,-9.705
0.003,-0.722,0.750,0.916,12.085,-10.986
0.014,-0.723,0.755,-0.366,12.634,-11.963
0.023,-0.722,0.754,-2.136,12.573,-12.756
0.033,-0.728,0.754,-2.869,11.902,-13.123
0.045,-0.736,0.753,-3.296,10.742,-12.695
0.045,-0.744,0.750,-3.540,8.850,-11.963
0.037,-0.751,0.741,-3.418,7.202,-11.536
0.018,-0.761,0.733,-3.540,6.775,-10.864
0.002,-0.774,0.730,-3.906,7.935,-10.132
0.002,-0.793,0.727,-4.700,10.742,-9.644
0.016,-0.804,0.734,-6.592,13.550,-9.827
0.045,-0.808,0.741,-9.521,15.015,-9.888
0.069,-0.815,0.745,-12.268,13.672,-9.399
0.080,-0.819,0.740,-14.893,10.376,-8.118
0.076,-0.812,0.731,-17.151,6.409,-6.531

0.352,-0.657,1.644,115.662,-88.257,24.963
0.196,-0.730,1.602,80.139,-88.928,5.127
0.061,-0.760,1.473,45.471,-81.238,-10.742
-0.027,-0.757,1.289,16.663,-67.688,-23.621
-0.061,-0.726,1.128,0.549,-50.659,-35.583
-0.074,-0.732,1.003,-1.526,-33.813,-47.119
-0.000,-0.670,1.031,8.118,-19.653,-58.777
0.081,-0.965,0.835,25.452,-20.142,-63.110
0.249,-1.226,1.069,42.236,-25.146,-68.054
0.376,-1.471,1.255,49.072,-43.518,-57.312
0.320,-1.875,1.179,51.575,-81.055,-37.170
0.420,-2.145,1.498,47.119,-103.149,-27.100
0.380,-2.155,1.510,43.152,-127.502,-25.696
0.141,-2.093,1.457,38.879,-140.930,-31.311
-0.075,-1.967,1.326,31.006,-131.531,-41.626
-0.227,-1.874,1.134,23.499,-100.098,-52.063
-0.214,-1.784,1.010,15.808,-48.828,-66.223
-0.056,-1.732,0.910,8.911,4.883,-81.177
0.143,-1.643,0.875,4.517,51.941,-93.262
0.319,-1.547,0.858,5.188,83.008,-98.450
0.458,-1.481,0.866,11.658,95.581,-95.947
0.527,-1.457,0.884,24.109,90.820,-87.769
0.541,-1.453,0.890,40.710,73.608,-76.843
0.511,-1.446,0.900,58.105,51.147,-65.125
0.459,-1.444,0.896,71.045,28.076,-49.927
0.373,-1.453,0.854,77.515,6.287,-33.203
0.287,-1.460,0.804,75.928,-10.193,-19.592
0.191,-1.444,0.750,67.383,-21.545,-9.766
0.091,-1.436,0.700,54.016,-28.259,-2.075
0.013,-1.482,0.677,39.185,-30.945,4.028
-0.050,-1.568,0.687,26.062,-29.236,5.981
-0.102,-1.630,0.703,14.709,-24.048,4.883
-0.153,-1.705,0.730,6.775,-15.198,1.953
-0.189,-1.752,0.753,4.089,-2.258,-3.113
-0.159,-1.593,0.774,2.930,14.465,-10.010
-0.061,-1.473,0.729,-4.395,28.748,-14.038
0.066,-1.496,0.667,-22.644,34.790,-10.864
0.161,-1.535,0.614,-46.509,32.166,-2.686
0.131,-1.488,0.660,-67.444,25.146,6.714
0.190,-1.507,0.656,-81.909,13.733,20.874
0.106,-1.474,0.552,-89.905,-2.075,31.799
0.131,-1.452,0.699,-92.773,-10.559,37.048
0.054,-1.226,0.636,-91.248,-29.114,37.537
-0.061,-1.133,0.600,-83.252,-40.344,45.288
-0.157,-0.916,0.613,-71.960,-40.771,46.265
-0.187,-0.862,0.627,-55.176,-34.119,45.837
-0.195,-0.815,0.593,-38.147,-21.851,33.569
-0.212,-0.628,0.651,-25.208,-6.409,17.212
-0.131,-0.536,0.689,-14.465,6.958,10.193
-0.110,-0.519,0.693,-6.714,14.954,7.202
-0.102,-0.457,0.747,-3.906,21.912,7.019
-0.095,-0.411,0.757,-2.808,23.193,11.353
-0.070,-0.416,0.770,-3.113,22.461,16.418
-0.063,-0.407,0.790,-4.333,19.226,17.517
-0.059,-0.391,0.793,-4.517,13.489,16.296
-0.053,-0.375,0.801,-3.479,6.653,13.733
-0.025,-0.373,0.789,-0.793,-0.854,10.986
-0.037,-0.362,0.773,3.113,-7.385,7.446
-0.041,-0.397,0.725,7.507,-10.620,4.272
-0.047,-0.443,0.734,12.695,-9.644,0.977
-0.046,-0.436,0.725,16.541,-5.249,-0.854
-0.007,-0.478,0.726,18.921,0.610,1.099
0.030,-0.498,0.737,19.409,6.775,3.967
0.058,-0.535,0.743,18.738,10.803,7.751
0.086,-0.567,0.769,16.052,12.817,11.108
0.090,-0.593,0.773,13.245,11.780,12.573
0.083,-0.594,0.797,10.010,9.827,12.695
0.118,-0.607,0.827,7.263,5.859,13.977
0.130,-0.634,0.826,5.432,-1.038,15.564
0.112,-0.651,0.829,3.540,-8.179,15.808
0.079,-0.682,0.809,2.502,-15.381,14.587
0.052,-0.692,0.835,2.563,-20.508,11.414
0.015,-0.717,0.789,2.747,-23.376,8.118
-0.016,-0.704,0.809,3.296,-20.508,4.333
-0.036,-0.706,0.785,4.456,-15.625,2.258
-0.041,-0.712,0.795,5.371,-7.446,0.671
-0.051,-0.701,0.788,5.920,1.282,-1.770
-0.042,-0.665,0.806,6.531,11.353,-3.479
-0.014,-0.655,0.787,7.446,19.836,-4.639
0.011,-0.623,0.806,8.179,27.466,-6.042
0.046,-0.615,0.798,8.057,31.372,-6.836
0.085,-0.592,0.824,7.202,33.142,-7.874
0.125,-0.583,0.828,6.287,30.579,-7.568
0.167,-0.571,0.859,4.944,24.414,-6.287
0.188,-0.567,0.861,3.540,13.794,-4.089
0.173,-0.566,0.863,2.319,1.587,-1.953
0.137,-0.565,0.846,1.038,-8.728,1.160
0.086,-0.560,0.826,-0.732,-15.808,3.723
0.049,-0.557,0.804,-2.686,-18.372,4.944
0.030,-0.557,0.797,-4.639,-16.968,5.005
0.023,-0.561,0.791,-6.775,-13.428,4.456
0.025,-0.565,0.788,-8.850,-9.094,3.296
0.023,-0.565,0.782,-9.766,-5.066,1.709
0.025,-0.570,0.788,-10.132,-1.038,0.122
0.044,-0.573,0.796,-10.010,2.808,-0.793
0.066,-0.582,0.804,-9.033,5.371,-1.099
0.084,-0.599,0.809,-7.385,5.981,-1.526
0.109,-0.610,0.820,-6.104,4.639,-2.258
0.122,-0.620,0.823,-5.066,1.282,-3.052
0.121,-0.628,0.820,-4.639,-3.052,-3.723
0.108,-0.628,0.811,-4.517,-7.141,-4.333
0.095,-0.631,0.803,-4.456,-9.338,-5.066
0.080,-0.636,0.794,-4.272,-9.705,-6.287
0.070,-0.634,0.787,-3.662,-8.057,-7.874
0.072,-0.633,0.788,-3.723,-4.761,-8.850
0.094,-0.631,0.801,-4.150,-0.793,-8.484
0.122,-0.623,0.814,-4.089,1.953,-7.446
0.138,-0.616,0.824,-4.333,2.075,-6.042
0.143,-0.608,0.829,-4.700,0.549,-4.517
0.145,-0.594,0.828,-4.822,-1.587,-3.479
0.138,-0.581,0.827,-4.150,-3.723,-3.052
0.121,-0.580,0.828,-3.601,-5.005,-2.014
0.116,-0.579,0.833,-3.235,-5.737,-0.854
0.115,-0.579,0.841,-3.845,-6.592,0.732
0.114,-0.576,0.843,-5.371,-7.935,1.892
0.108,-0.574,0.843,-7.141,-9.216,2.625
0.094,-0.570,0.837,-9.399,-10.498,2.869
0.077,-0.564,0.828,-11.414,-11.169,2.869
0.069,-0.556,0.818,-13.000,-10.620,2.808

0.526,1.752,-0.565,166.626,-87.646,-19.592
0.476,1.787,-0.538,184.937,-109.680,-11.353
0.333,1.783,-0.528,197.937,-131.226,-3.174
0.155,1.740,-0.521,203.247,-146.851,3.174
-0.031,1.765,-0.508,199.463,-153.748,6.042
-0.189,1.830,-0.484,191.345,-151.184,4.822
-0.286,1.841,-0.413,184.082,-141.479,4.089
-0.371,1.828,-0.280,181.274,-128.296,7.080
-0.460,1.751,-0.148,182.251,-115.601,11.841
-0.580,1.581,-0.036,185.974,-103.638,13.184
-0.710,1.371,0.074,187.805,-88.928,9.888
-0.744,1.087,0.211,182.617,-72.998,3.052
-0.762,0.708,0.335,167.542,-61.462,-4.333
-0.796,0.215,0.452,140.930,-58.777,-13.611
-0.754,-0.368,0.573,99.487,-63.782,-23.865
-0.658,-0.994,0.613,41.931,-80.444,-34.851
-0.561,-1.758,0.543,-26.917,-108.887,-47.913
-0.404,-2.582,0.528,-98.328,-141.541,-57.739
-0.265,-3.302,0.622,-142.273,-174.255,-58.411
-0.384,-3.670,0.762,-140.198,-207.214,-54.626
-0.667,-3.757,0.972,-94.360,-220.459,-48.889
-0.807,-3.870,1.268,-3.174,-194.336,-43.823
-0.758,-3.907,1.537,132.385,-135.071,-50.842
-0.664,-3.653,1.760,280.212,-61.707,-71.228
-0.544,-3.555,1.734,400.208,5.737,-93.262
-0.403,-3.708,1.714,472.900,65.369,-103.821
-0.168,-3.883,1.722,477.417,119.934,-117.432
0.243,-3.774,1.600,413.757,167.480,-143.555
0.443,-3.229,1.363,302.246,209.595,-164.429
0.766,-2.627,1.423,181.152,242.249,-159.485
1.027,-2.078,1.515,78.308,247.620,-129.639
1.103,-1.622,1.650,-2.380,228.882,-89.417
1.041,-1.283,1.700,-54.871,181.213,-53.528
0.882,-1.136,1.636,-81.726,110.291,-21.484
0.630,-1.133,1.425,-92.529,26.306,5.798
0.385,-1.198,1.209,-93.384,-54.016,26.428
0.159,-1.271,0.983,-90.332,-123.413,37.109
-0.136,-1.307,0.738,-87.891,-174.744,36.682
-0.441,-1.288,0.540,-85.266,-200.745,32.166
-0.666,-1.246,0.387,-78.247,-200.256,26.855
-0.786,-1.218,0.310,-66.528,-174.988,20.447
-0.836,-1.195,0.273,-52.856,-132.446,13.611
-0.744,-1.194,0.250,-39.978,-80.017,8.362
-0.660,-1.127,0.446,-27.954,-28.687,1.526
-0.321,-1.322,0.544,-14.771,6.775,-1.953
-0.301,-1.546,0.703,-2.869,26.855,-6.897
-0.126,-1.810,0.798,6.592,37.720,-9.583
-0.212,-1.872,0.812,14.038,38.208,-15.015
-0.211,-1.821,0.830,15.930,41.931,-10.437
-0.153,-1.650,0.793,13.611,46.997,-4.761
-0.121,-1.427,0.734,9.338,55.176,-1.343
-0.096,-1.241,0.729,3.540,65.491,1.282
-0.030,-1.106,0.715,-0.427,72.266,2.197
0.009,-0.995,0.791,-2.197,73.120,4.395
0.077,-0.993,0.771,-2.380,62.500,9.277
0.050,-0.962,0.768,-4.333,45.837,11.414
0.008,-0.870,0.785,-8.850,25.391,12.939
-0.020,-0.829,0.705,-12.756,2.075,14.038
-0.070,-0.776,0.683,-15.198,-15.808,9.949
-0.121,-0.705,0.617,-14.404,-28.198,2.319
-0.171,-0.640,0.599,-9.460,-32.104,-3.784
-0.185,-0.584,0.573,-2.686,-28.076,-7.202
-0.199,-0.560,0.580,4.883,-18.677,-6.409
-0.195,-0.565,0.608,12.085,-6.653,-4.089
-0.207,-0.548,0.636,18.921,5.737,-4.272
-0.210,-0.527,0.662,24.780,17.151,-4.639
-0.203,-0.544,0.689,30.701,27.039,-4.639
-0.163,-0.591,0.738,36.194,34.607,-3.601
-0.147,-0.597,0.772,41.077,36.499,-4.150
-0.092,-0.651,0.813,44.495,33.813,-5.920
-0.054,-0.724,0.821,45.471,27.283,-11.108
-0.034,-0.715,0.822,42.847,18.555,-15.381
0.003,-0.746,0.837,38.513,8.057,-13.855
0.025,-0.792,0.830,33.752,-3.418,-11.292
-0.004,-0.800,0.801,28.748,-13.367,-9.644
-0.050,-0.830,0.774,23.743,-18.738,-6.836
-0.085,-0.839,0.757,19.592,-18.188,-5.127
-0.075,-0.859,0.745,16.602,-13.245,-3.906
-0.037,-0.910,0.726,13.000,-6.042,-3.540
-0.022,-0.921,0.715,8.057,2.075,-4.639
-0.009,-0.913,0.700,2.686,9.766,-5.005
0.034,-0.939,0.661,-3.174,15.198,-3.601
0.058,-0.911,0.624,-10.010,19.287,-2.380
0.043,-0.850,0.662,-16.052,22.278,-0.061
0.066,-0.832,0.588,-20.447,19.592,3.052
0.038,-0.787,0.583,-23.499,16.846,6.042
0.020,-0.729,0.564,-24.841,12.817,8.484
0.001,-0.693,0.554,-23.804,6.958,11.963
-0.016,-0.685,0.538,-21.423,1.221,15.442
-0.053,-0.680,0.526,-17.395,-3.967,16.724
-0.096,-0.678,0.510,-13.916,-7.141,16.479
-0.123,-0.670,0.514,-11.475,-7.080,15.320
-0.130,-0.673,0.526,-9.155,-5.676,14.221
-0.113,-0.699,0.530,-7.874,-3.906,13.672
-0.090,-0.724,0.539,-7.996,-2.441,12.817
-0.069,-0.726,0.555,-8.972,-2.502,11.108
-0.059,-0.738,0.563,-10.681,-4.761,8.972
-0.084,-0.744,0.548,-11.047,-7.324,5.859
-0.121,-0.737,0.540,-10.620,-7.812,2.625
-0.126,-0.718,0.555,-8.484,-5.554,0.122
-0.076,-0.720,0.561,-4.700,-3.845,-0.732
-0.021,-0.726,0.582,0.305,-4.272,-1.770
0.027,-0.687,0.573,4.211,-7.507,-2.808
0.088,-0.722,0.593,9.827,-14.709,-2.502
0.070,-0.657,0.634,14.709,-23.743,-1.587
0.080,-0.668,0.668,19.775,-34.424,6.531
0.042,-0.746,0.667,24.780,-45.898,15.747
-0.045,-0.776,0.708,27.161,-53.955,20.630
-0.124,-0.775,0.706,25.696,-58.044,22.278
-0.206,-0.828,0.694,22.217,-58.044,21.606
-0.253,-0.835,0.691,15.869,-52.368,16.602
-0.299,-0.818,0.677,8.240,-43.701,9.033
-0.301,-0.797,0.659,1.953,-32.959,0.916
-0.283,-0.757,0.647,-2.502,-20.569,-6.104
-0.231,-0.737,0.651,-4.578,-9.460,-11.475
-0.173,-0.724,0.664,-3.845,-1.160,-14.160
-0.122,-0.702,0.685,-1.099,3.113,-13.977
-0.086,-0.700,0.700,2.808,2.563,-11.780
-0.084,-0.713,0.714,7.385,-1.160,-9.033

0.077,-1.799,1.157,24.597,-106.506,-21.912
-0.232,-2.290,1.224,18.677,-134.644,2.075
-0.377,-2.539,1.352,30.640,-155.457,5.249
-0.617,-2.997,1.345,64.575,-166.626,-8.972
-0.844,-3.054,1.533,111.267,-159.302,-46.875
-1.044,-3.061,1.508,170.837,-142.700,-78.003
-1.101,-3.089,1.490,224.854,-103.577,-104.858
-0.929,-3.118,1.452,258.667,-49.866,-129.517
-0.716,-3.042,1.302,270.081,2.869,-155.701
-0.435,-2.859,1.188,256.470,58.105,-178.101
-0.049,-2.614,1.107,222.168,107.666,-188.660
0.306,-2.317,1.103,173.218,143.555,-180.298
0.588,-1.977,1.181,121.887,157.654,-153.198
0.762,-1.679,1.256,78.796,143.188,-112.671
0.778,-1.485,1.302,45.959,104.187,-67.993
0.642,-1.371,1.281,23.865,47.913,-28.320
0.405,-1.345,1.179,9.644,-13.428,2.319
0.188,-1.352,1.048,-1.709,-68.176,24.292
-0.009,-1.360,0.881,-12.939,-110.840,37.537
-0.173,-1.380,0.705,-25.024,-137.817,41.687
-0.305,-1.381,0.564,-37.781,-147.766,39.612
-0.374,-1.332,0.466,-48.340,-143.372,34.485
-0.379,-1.265,0.400,-54.504,-129.211,28.320
-0.347,-1.208,0.378,-55.969,-110.779,22.949
-0.294,-1.150,0.388,-52.246,-92.468,19.165
-0.262,-1.087,0.405,-43.518,-76.782,16.479
-0.247,-1.037,0.448,-30.823,-62.744,15.076
-0.235,-1.013,0.494,-15.991,-51.514,14.160
-0.243,-1.014,0.540,-1.160,-42.542,11.841
-0.271,-1.035,0.587,12.329,-33.752,7.996
-0.290,-1.083,0.633,24.292,-24.048,2.747
-0.304,-1.174,0.682,33.386,-13.062,-2.625
-0.300,-1.284,0.734,37.842,-0.916,-6.531
-0.274,-1.391,0.786,36.377,11.475,-8.972
-0.231,-1.468,0.829,30.640,23.010,-10.803
-0.189,-1.522,0.833,21.973,32.227,-11.841
-0.163,-1.465,0.863,12.268,39.856,-13.123
-0.077,-1.398,0.786,4.700,44.983,-13.489
-0.081,-1.335,0.767,0.366,48.096,-13.123
0.024,-1.159,0.770,-2.747,49.622,-13.977
0.052,-0.984,0.735,-3.113,41.443,-10.193
0.080,-0.903,0.692,-1.953,32.043,-3.235
0.065,-0.774,0.718,0.000,21.667,2.502
0.065,-0.684,0.744,3.235,6.592,10.864
0.030,-0.654,0.724,6.714,-11.902,19.714
-0.043,-0.655,0.736,9.460,-28.381,26.917
-0.145,-0.639,0.719,11.841,-41.809,29.663
-0.219,-0.642,0.720,13.062,-49.622,29.663
-0.277,-0.652,0.693,13.855,-51.941,25.635
-0.326,-0.629,0.667,13.367,-46.997,18.311
-0.330,-0.630,0.646,11.658,-37.231,11.536
-0.293,-0.628,0.640,10.193,-23.621,4.395
-0.247,-0.604,0.633,8.850,-10.315,-2.380
-0.179,-0.580,0.647,8.118,1.221,-6.897
-0.104,-0.567,0.662,9.216,8.850,-9.766
-0.066,-0.548,0.669,10.193,11.963,-10.925
-0.026,-0.549,0.687,11.047,12.024,-9.521
-0.011,-0.564,0.698,12.390,9.155,-7.019
-0.007,-0.583,0.714,13.733,5.066,-4.517
-0.011,-0.605,0.730,14.343,0.732,-2.197
-0.037,-0.630,0.743,14.709,-3.235,0.488
-0.055,-0.679,0.751,14.404,-6.104,3.052
-0.072,-0.732,0.752,12.634,-7.141,4.272
-0.087,-0.789,0.748,9.460,-6.531,3.906
-0.096,-0.825,0.753,4.761,-4.333,2.808
-0.119,-0.895,0.691,-0.610,-0.854,0.732
-0.134,-0.907,0.696,-6.470,5.432,-1.526
-0.061,-0.975,0.727,-10.986,10.742,-2.075
-0.052,-0.977,0.676,-14.465,13.550,-3.723
-0.076,-0.955,0.686,-17.212,20.081,-3.845
-0.038,-0.966,0.638,-18.066,25.818,-3.357
-0.021,-0.962,0.664,-17.273,31.189,-3.906
0.021,-0.888,0.636,-16.846,33.875,-4.150
0.069,-0.884,0.677,-14.954,31.189,-1.343
0.079,-0.815,0.688,-14.038,24.536,0.977
0.066,-0.746,0.683,-13.428,14.771,6.165
0.037,-0.704,0.680,-13.489,3.784,12.817
-0.001,-0.682,0.663,-13.428,-6.226,18.921
-0.048,-0.659,0.655,-12.756,-14.832,22.034
-0.088,-0.634,0.659,-12.451,-21.362,22.461
-0.133,-0.617,0.647,-11.414,-26.184,20.691
-0.172,-0.610,0.646,-9.460,-27.710,17.944
-0.189,-0.619,0.645,-7.019,-25.940,14.587
-0.184,-0.622,0.661,-5.676,-22.156,10.559
-0.165,-0.633,0.669,-4.272,-17.578,6.409
-0.139,-0.654,0.676,-3.479,-12.939,2.075
-0.112,-0.657,0.690,-2.930,-8.545,-1.953
-0.107,-0.665,0.694,-2.197,-4.395,-4.578
-0.083,-0.650,0.703,-1.892,-0.061,-6.287
-0.065,-0.693,0.711,-1.160,3.296,-5.737
-0.031,-0.707,0.732,-1.221,6.409,-5.737
-0.021,-0.731,0.728,-1.465,7.507,-5.249
-0.016,-0.730,0.740,-2.502,8.362,-4.700
-0.015,-0.746,0.737,-3.784,8.545,-3.296
-0.017,-0.753,0.742,-4.883,8.911,-1.953
-0.012,-0.759,0.743,-5.920,9.094,-0.366
-0.003,-0.759,0.746,-6.653,8.728,1.587
-0.003,-0.756,0.744,-8.118,7.874,3.784
-0.006,-0.747,0.744,-9.338,6.409,5.737
-0.013,-0.741,0.744,-9.705,4.517,7.385
-0.019,-0.736,0.743,-10.132,2.441,8.484
-0.027,-0.731,0.737,-10.864,0.488,9.338
-0.032,-0.728,0.736,-11.658,-1.099,10.010
-0.030,-0.721,0.737,-13.000,-2.869,10.376
-0.025,-0.708,0.736,-14.038,-5.249,10.803
-0.020,-0.694,0.736,-15.686,-8.179,11.292
-0.009,-0.674,0.738,-16.846,-12.146,12.634
-0.006,-0.655,0.739,-17.212,-17.639,14.587
-0.019,-0.649,0.731,-17.090,-23.804,16.663
-0.043,-0.642,0.717,-16.541,-29.114,17.639
-0.075,-0.631,0.703,-15.686,-32.288,17.273
-0.106,-0.626,0.693,-13.916,-31.860,15.808
-0.132,-0.628,0.688,-12.512,-28.015,13.916
-0.147,-0.631,0.691,-10.986,-21.240,11.414
-0.149,-0.639,0.704,-9.460,-12.573,8.728
-0.134,-0.648,0.725,-8.362,-4.272,5.615
-0.110,-0.655,0.748,-7.629,3.235,2.686
-0.075,-0.666,0.771,-7.751,8.789,0.732
-0.044,-0.682,0.791,-8.484,11.169,-0.305

-0.102,-1.813,1.102,78.064,-81.970,-52.612
-0.245,-2.225,1.154,122.498,-81.970,-34.790
-0.326,-2.438,1.314,169.617,-72.327,-24.170
-0.369,-2.581,1.326,210.449,-60.120,-19.592
-0.456,-2.512,1.282,237.122,-40.955,-27.222
-0.440,-2.489,1.201,242.859,-12.329,-45.044
-0.251,-2.432,1.036,225.830,20.813,-69.580
0.000,-2.258,0.983,189.514,61.340,-96.619
0.264,-2.052,1.027,145.142,95.215,-115.173
0.488,-1.839,1.067,102.600,109.619,-119.263
0.617,-1.644,1.118,67.078,105.347,-105.713
0.655,-1.509,1.109,40.710,82.764,-79.346
0.608,-1.432,1.068,21.606,48.767,-49.500
0.464,-1.403,0.953,5.798,11.658,-23.865
0.298,-1.407,0.808,-10.193,-19.836,-6.836
0.139,-1.391,0.650,-27.161,-41.870,2.502
-0.023,-1.337,0.520,-43.884,-52.551,6.531
-0.150,-1.276,0.422,-58.167,-53.040,7.446
-0.251,-1.204,0.344,-67.749,-46.204,7.202
-0.320,-1.119,0.291,-70.984,-33.264,6.653
-0.319,-1.034,0.288,-67.444,-16.052,5.249
-0.290,-0.964,0.300,-57.617,0.244,2.258
-0.253,-0.893,0.372,-43.213,15.747,-0.916
-0.154,-0.861,0.483,-24.780,27.161,-1.282
-0.059,-0.863,0.585,-6.104,29.907,-0.122
0.003,-0.874,0.690,9.705,25.635,0.000
0.030,-0.938,0.779,22.827,16.663,-0.427
0.011,-1.022,0.836,31.982,7.080,-2.014
-0.040,-1.120,0.870,34.973,1.526,-4.578
-0.080,-1.172,0.900,31.616,2.808,-8.545
-0.062,-1.180,0.932,23.499,11.414,-12.756
-0.029,-1.172,0.905,11.597,21.851,-14.282
0.050,-1.195,0.973,-1.892,33.508,-13.550
0.092,-1.127,0.865,-16.479,39.673,-12.695
0.210,-1.145,0.949,-29.175,41.626,-11.536
0.195,-0.984,0.918,-37.964,36.987,-14.587
0.165,-0.935,0.823,-39.917,32.776,-8.972
0.158,-0.901,0.859,-37.415,31.677,-3.540
0.122,-0.880,0.800,-31.555,28.992,1.038
0.082,-0.845,0.837,-24.658,29.419,5.066
0.057,-0.901,0.865,-16.846,27.710,11.169
0.030,-0.967,0.904,-7.935,23.499,16.357
0.024,-1.082,0.932,-0.671,16.541,18.250
0.020,-1.147,1.004,4.150,4.578,14.954
-0.018,-1.187,0.998,4.883,-9.583,10.193
-0.070,-1.178,0.973,1.953,-21.057,6.226
-0.096,-1.150,0.945,-2.441,-25.452,3.479
-0.104,-1.056,0.866,-6.775,-22.766,0.366
-0.091,-0.969,0.819,-11.719,-13.794,0.061
-0.041,-0.880,0.781,-16.235,-2.502,2.136
-0.005,-0.778,0.762,-19.531,7.446,3.967
0.047,-0.691,0.763,-20.508,13.245,6.958
0.100,-0.635,0.737,-19.165,11.902,10.315
0.114,-0.577,0.707,-17.639,5.859,13.367
0.109,-0.524,0.676,-16.663,-2.014,16.968
0.088,-0.481,0.647,-14.893,-10.010,21.545
0.060,-0.454,0.626,-11.902,-15.930,26.611
0.018,-0.454,0.611,-7.263,-18.433,30.396
-0.019,-0.464,0.602,-1.404,-17.517,32.410
-0.050,-0.475,0.601,4.150,-13.184,32.898
-0.048,-0.490,0.622,8.362,-6.409,31.738
-0.022,-0.504,0.669,12.634,-0.671,28.076
0.009,-0.541,0.712,16.357,1.953,23.010
0.018,-0.569,0.718,17.944,1.282,17.822
0.014,-0.599,0.747,17.334,-0.244,14.160
0.030,-0.635,0.770,15.747,-1.160,11.597
0.050,-0.651,0.796,12.878,-2.197,9.399
0.034,-0.662,0.778,9.216,-2.563,6.958
0.037,-0.631,0.800,5.615,-0.610,5.249
0.042,-0.630,0.786,3.540,0.305,6.104
0.034,-0.659,0.780,3.357,2.625,7.385
-0.014,-0.670,0.781,4.211,6.348,6.042
-0.010,-0.652,0.809,5.249,12.146,3.296
0.025,-0.680,0.827,6.470,16.052,1.404
0.050,-0.706,0.819,7.019,17.700,-1.221
0.048,-0.679,0.834,6.226,18.799,-3.845
0.057,-0.679,0.820,5.249,18.005,-5.005
0.062,-0.669,0.809,4.089,17.578,-5.737
0.071,-0.620,0.818,3.235,17.334,-6.714
0.107,-0.591,0.812,3.235,16.235,-6.653
0.101,-0.593,0.827,3.662,13.123,-5.188
0.115,-0.580,0.836,3.845,8.789,-3.113
0.115,-0.550,0.840,4.150,2.380,-0.916
0.098,-0.519,0.828,3.601,-4.761,1.221
0.060,-0.500,0.819,3.357,-11.353,2.930
0.030,-0.495,0.797,3.540,-16.052,3.845
0.003,-0.494,0.777,3.357,-18.005,3.357
-0.008,-0.502,0.761,3.235,-16.785,2.136
-0.006,-0.503,0.754,3.296,-13.977,-0.549
0.004,-0.518,0.759,3.662,-10.925,-2.747
-0.003,-0.525,0.762,5.493,-8.484,-4.333
-0.011,-0.545,0.765,7.263,-5.676,-6.165
-0.016,-0.571,0.767,9.094,-1.953,-8.301
-0.014,-0.593,0.782,10.010,2.747,-11.536
-0.001,-0.613,0.805,10.437,8.240,-14.587
0.028,-0.635,0.832,9.766,13.550,-17.029
0.062,-0.657,0.856,7.812,16.418,-18.494
0.085,-0.683,0.870,4.639,16.418,-19.348
0.101,-0.700,0.873,0.854,14.954,-19.958
0.108,-0.703,0.866,-3.235,13.184,-20.569
0.108,-0.707,0.851,-6.836,12.024,-20.874
0.118,-0.713,0.838,-9.888,12.390,-20.142
0.138,-0.720,0.827,-12.695,12.939,-18.921
0.147,-0.721,0.812,-15.442,13.062,-17.578
0.144,-0.716,0.797,-17.883,12.939,-15.442
0.150,-0.709,0.789,-20.264,12.329,-12.634
0.145,-0.697,0.777,-21.729,11.047,-9.888
0.132,-0.688,0.763,-22.461,9.155,-7.324
0.116,-0.679,0.749,-22.461,7.263,-5.737
0.105,-0.673,0.738,-22.400,5.981,-5.005
0.097,-0.675,0.733,-22.034,5.066,-4.395
0.088,-0.675,0.734,-21.606,4.517,-4.333
0.094,-0.674,0.742,-20.996,4.333,-4.395
0.103,-0.682,0.752,-20.569,3.418,-4.211
0.104,-0.684,0.758,-19.775,1.587,-3.784
0.100,-0.679,0.766,-19.897,-0.427,-3.479
0.092,-0.690,0.775,-19.470,-2.197,-3.174
0.077,-0.695,0.784,-18.311,-3.357,-3.113
0.071,-0.694,0.789,-17.578,-2.686,-3.174

-0.385,-1.851,0.860,-32.410,-50.476,-4.700
-0.465,-2.115,0.962,-18.616,-37.964,-12.085
-0.410,-2.115,1.206,13.855,-32.288,-23.071
-0.411,-2.291,1.156,65.247,-39.001,-29.053
-0.378,-2.309,1.253,118.103,-45.593,-45.776
-0.399,-2.511,1.175,161.560,-52.734,-59.021
-0.451,-2.691,1.230,187.561,-49.438,-67.993
-0.533,-2.787,1.283,197.021,-37.109,-68.542
-0.578,-2.786,1.278,191.650,-15.991,-63.965
-0.590,-2.655,1.274,172.668,13.611,-62.012
-0.433,-2.517,1.246,147.400,46.692,-67.261
-0.163,-2.315,1.282,119.873,76.843,-79.102
0.185,-2.112,1.301,92.468,93.262,-90.088
0.537,-1.893,1.320,65.918,91.492,-94.910
0.741,-1.665,1.306,39.490,70.190,-87.646
0.764,-1.476,1.259,15.869,35.645,-67.627
0.675,-1.325,1.142,-3.235,-2.014,-41.260
0.460,-1.274,0.999,-19.592,-34.729,-17.822
0.214,-1.285,0.867,-33.508,-57.556,0.305
-0.005,-1.311,0.769,-44.128,-70.374,13.916
-0.212,-1.337,0.682,-51.636,-76.660,22.400
-0.382,-1.341,0.603,-54.504,-78.491,25.330
-0.471,-1.322,0.527,-53.955,-77.026,23.376
-0.526,-1.275,0.455,-49.683,-72.449,16.052
-0.552,-1.245,0.416,-41.077,-63.354,5.981
-0.553,-1.155,0.537,-28.259,-48.462,-3.418
-0.446,-1.268,0.433,-12.451,-34.729,-8.606
-0.497,-1.471,0.557,3.357,-15.808,-13.855
-0.367,-1.589,0.580,16.174,3.113,-20.081
-0.355,-1.605,0.668,23.560,18.616,-22.278
-0.298,-1.702,0.648,24.048,33.142,-13.977
-0.201,-1.590,0.749,17.395,48.828,-6.104
-0.064,-1.485,0.727,8.606,55.176,3.601
0.089,-1.338,0.861,-1.099,54.260,10.071
0.165,-1.187,0.858,-8.789,36.011,14.954
0.225,-1.084,0.885,-14.160,9.277,19.958
0.121,-0.949,0.829,-17.273,-23.193,21.973
0.003,-0.824,0.734,-19.165,-52.429,26.794
-0.119,-0.802,0.661,-18.005,-71.594,33.325
-0.236,-0.744,0.600,-14.343,-77.209,34.180
-0.323,-0.676,0.568,-8.911,-72.083,31.250
-0.342,-0.692,0.552,-1.953,-58.533,26.611
-0.340,-0.650,0.570,4.333,-40.405,18.799
-0.286,-0.642,0.608,9.399,-22.888,12.634
-0.204,-0.641,0.630,13.489,-9.583,7.568
-0.165,-0.644,0.661,16.724,-2.319,3.784
-0.128,-0.653,0.694,19.714,0.854,2.258
-0.121,-0.647,0.711,22.400,0.977,1.892
-0.101,-0.651,0.732,24.414,-0.427,2.686
-0.067,-0.680,0.743,25.391,-3.845,4.211
-0.079,-0.674,0.728,24.719,-8.728,5.127
-0.090,-0.635,0.750,22.522,-12.756,7.812
-0.032,-0.636,0.753,20.813,-18.433,12.390
-0.059,-0.663,0.715,20.325,-25.757,15.503
-0.114,-0.650,0.690,18.311,-28.625,16.357
-0.149,-0.664,0.668,17.273,-28.259,17.090
-0.167,-0.672,0.663,17.212,-24.414,16.418
-0.158,-0.697,0.668,18.066,-19.470,14.648
-0.153,-0.728,0.674,18.677,-15.198,12.085
-0.158,-0.750,0.680,18.677,-11.108,9.705
-0.133,-0.775,0.684,17.395,-7.690,7.568
-0.102,-0.804,0.680,13.977,-5.798,5.249
-0.090,-0.811,0.673,9.888,-4.944,2.869
-0.080,-0.801,0.670,6.226,-4.639,1.526
-0.073,-0.776,0.670,3.845,-4.517,1.343
-0.068,-0.772,0.658,3.174,-4.456,1.892
-0.087,-0.744,0.663,4.211,-3.723,2.075
-0.091,-0.738,0.652,6.104,-2.075,2.930
-0.105,-0.733,0.643,8.728,0.549,2.808
-0.113,-0.716,0.649,10.681,3.967,1.770
-0.102,-0.691,0.670,12.451,6.897,1.221
-0.086,-0.698,0.688,14.343,7.324,1.648
-0.080,-0.697,0.707,14.893,4.883,2.441
-0.084,-0.700,0.719,13.611,0.305,4.028
-0.100,-0.691,0.727,11.902,-5.310,4.333
-0.113,-0.687,0.738,9.216,-10.376,3.174
-0.108,-0.681,0.719,6.836,-15.625,1.404
-0.109,-0.679,0.729,4.822,-19.409,0.488
-0.125,-0.697,0.692,2.991,-21.912,0.427
-0.171,-0.677,0.704,1.282,-20.874,-0.610
-0.209,-0.682,0.665,0.977,-16.663,-2.014
-0.224,-0.679,0.666,2.197,-8.972,-3.296
-0.202,-0.697,0.668,3.418,-0.732,-4.395
-0.164,-0.706,0.690,4.272,6.836,-6.287
-0.112,-0.727,0.710,4.944,11.353,-7.568
-0.082,-0.742,0.715,4.883,12.085,-9.155
-0.087,-0.743,0.710,4.028,10.620,-10.620
-0.078,-0.745,0.713,3.052,9.155,-10.803
-0.057,-0.763,0.721,2.563,7.996,-9.644
-0.051,-0.775,0.722,1.221,6.409,-8.545
-0.053,-0.778,0.722,-0.732,4.456,-7.263
-0.076,-0.782,0.718,-2.625,3.784,-6.165
-0.082,-0.783,0.723,-4.333,4.333,-5.554
-0.089,-0.780,0.716,-5.371,5.371,-5.615
-0.097,-0.775,0.708,-5.920,7.507,-6.287
-0.096,-0.760,0.708,-6.409,9.888,-6.958
-0.093,-0.755,0.705,-6.470,12.268,-6.592
-0.091,-0.743,0.703,-6.104,14.282,-5.859
-0.075,-0.733,0.710,-5.432,15.625,-5.188
-0.062,-0.731,0.720,-4.272,15.320,-4.456
-0.051,-0.736,0.729,-3.662,12.817,-3.235
-0.049,-0.733,0.731,-3.479,8.484,-1.282
-0.052,-0.735,0.729,-4.700,3.723,1.404
-0.058,-0.729,0.727,-5.859,-1.099,3.174
-0.071,-0.719,0.721,-7.019,-5.371,4.395
-0.083,-0.713,0.716,-7.324,-8.911,5.371
-0.096,-0.715,0.709,-7.446,-11.597,6.165
-0.113,-0.719,0.698,-7.385,-13.733,6.287
-0.130,-0.722,0.687,-7.690,-14.587,6.104
-0.154,-0.715,0.681,-7.874,-14.404,5.615
-0.177,-0.722,0.662,-8.240,-12.817,5.310
-0.193,-0.724,0.648,-8.240,-9.277,4.211
-0.185,-0.733,0.639,-7.874,-4.578,2.258
-0.164,-0.733,0.639,-8.423,0.244,0.427
-0.132,-0.726,0.645,-9.338,4.578,-0.854
-0.096,-0.723,0.658,-9.949,6.775,-1.404
-0.060,-0.720,0.671,-10.010,5.859,-0.977
-0.044,-0.715,0.682,-10.254,1.892,-0.305
-0.040,-0.707,0.686,-10.315,-3.723,0.610

-0.215,-1.480,0.968,-31.860,-89.661,-18.677
-0.193,-1.616,0.921,-21.240,-73.059,-37.842
-0.145,-1.748,1.027,-0.610,-55.969,-50.415
-0.063,-1.882,1.047,31.738,-46.814,-60.486
-0.007,-2.007,1.141,69.519,-40.894,-70.007
-0.065,-2.125,1.178,106.323,-36.621,-74.829
-0.122,-2.197,1.229,142.273,-30.029,-78.430
-0.132,-2.255,1.234,169.739,-20.447,-80.933
-0.149,-2.335,1.182,185.974,-8.484,-84.778
-0.130,-2.337,1.193,189.941,10.925,-91.248
-0.056,-2.290,1.223,184.631,34.058,-96.436
0.017,-2.178,1.235,174.866,56.885,-99.854
0.129,-2.052,1.263,160.767,77.393,-99.854
0.300,-1.960,1.306,142.822,90.576,-96.436
0.450,-1.859,1.347,123.718,92.041,-90.576
0.553,-1.743,1.357,105.225,79.041,-80.261
0.648,-1.629,1.342,86.243,54.077,-66.345
0.677,-1.569,1.269,68.787,19.226,-50.476
0.650,-1.536,1.151,50.415,-19.836,-34.790
0.535,-1.500,0.992,31.250,-58.105,-19.470
0.372,-1.447,0.827,11.536,-89.478,-4.333
0.199,-1.351,0.689,-7.202,-110.535,10.315
0.008,-1.261,0.545,-23.560,-121.460,24.353
-0.169,-1.182,0.453,-36.499,-120.789,36.316
-0.309,-1.106,0.432,-43.884,-110.596,46.021
-0.343,-1.099,0.474,-43.884,-97.778,51.514
-0.320,-1.083,0.577,-37.659,-88.562,50.964
-0.464,-1.160,0.471,-27.954,-80.933,44.739
-0.589,-1.028,0.583,-18.921,-62.744,33.447
-0.524,-1.074,0.607,-5.005,-48.096,22.644
-0.457,-1.031,0.716,7.568,-33.997,6.470
-0.389,-1.020,0.728,17.212,-21.118,-3.357
-0.320,-0.989,0.828,24.841,-9.155,-9.827
-0.215,-1.021,0.859,31.006,-2.686,-13.000
-0.130,-0.989,0.932,31.677,2.441,-16.785
-0.094,-0.995,0.859,28.503,3.906,-17.639
-0.083,-0.917,0.926,21.851,7.324,-17.517
-0.072,-0.907,0.881,14.954,7.629,-14.038
-0.036,-0.934,0.836,8.179,8.667,-10.010
-0.051,-0.824,0.848,3.296,8.484,-9.705
-0.067,-0.773,0.812,1.648,6.836,-6.775
-0.095,-0.799,0.785,3.235,6.226,-3.418
-0.129,-0.809,0.787,6.287,7.690,-3.540
-0.129,-0.797,0.782,9.338,9.033,-5.920
-0.115,-0.803,0.784,9.949,9.949,-6.165
-0.116,-0.823,0.764,8.301,9.277,-5.005
-0.117,-0.830,0.769,5.005,8.728,-4.700
-0.093,-0.819,0.782,1.953,7.141,-5.676
-0.074,-0.830,0.765,-0.610,2.991,-7.507
-0.054,-0.830,0.751,-3.418,-1.343,-10.132
-0.051,-0.826,0.717,-5.737,-5.432,-12.329
-0.055,-0.824,0.686,-8.789,-7.202,-13.062
-0.037,-0.829,0.648,-12.329,-6.042,-11.902
-0.034,-0.802,0.646,-15.747,-2.563,-10.071
0.021,-0.793,0.600,-18.982,0.793,-6.714
0.020,-0.800,0.585,-21.729,4.272,-4.456
0.019,-0.779,0.578,-24.536,8.057,-2.563
0.022,-0.811,0.554,-26.672,10.376,1.404
0.025,-0.818,0.545,-30.090,12.146,4.944
0.024,-0.796,0.533,-34.058,12.329,7.751
0.031,-0.752,0.537,-37.292,10.803,10.376
0.035,-0.712,0.548,-38.757,6.714,11.902
0.021,-0.679,0.557,-37.598,0.061,12.512
0.001,-0.629,0.570,-34.607,-6.958,13.489
-0.018,-0.588,0.589,-29.175,-13.550,14.832
-0.045,-0.578,0.597,-22.034,-19.287,15.991
-0.082,-0.585,0.606,-14.526,-22.217,16.602
-0.131,-0.604,0.606,-8.240,-21.667,17.517
-0.171,-0.620,0.609,-3.967,-17.761,18.799
-0.182,-0.637,0.624,-2.075,-11.292,20.020
-0.198,-0.662,0.648,-1.099,-4.883,19.714
-0.213,-0.684,0.675,0.122,1.587,18.127
-0.210,-0.701,0.712,1.770,7.874,15.198
-0.193,-0.717,0.740,3.601,13.000,10.132
-0.164,-0.736,0.759,5.127,16.602,3.540
-0.116,-0.744,0.781,6.104,18.799,-3.052
-0.061,-0.754,0.795,6.226,18.921,-8.301
-0.014,-0.781,0.803,6.226,17.151,-11.230
0.010,-0.780,0.816,5.127,14.282,-11.475
0.025,-0.791,0.817,3.723,10.620,-9.521
0.027,-0.786,0.837,2.686,7.385,-6.226
0.025,-0.812,0.833,1.770,3.357,-2.808
0.005,-0.831,0.827,0.000,0.183,-0.549
-0.029,-0.840,0.810,-2.380,-1.404,1.038
-0.053,-0.841,0.799,-5.432,-1.099,1.953
-0.067,-0.842,0.787,-7.996,0.671,1.465
-0.079,-0.845,0.781,-9.888,4.272,-0.427
-0.065,-0.848,0.779,-11.292,8.423,-2.380
-0.044,-0.843,0.785,-12.024,11.902,-3.235
-0.031,-0.851,0.797,-12.817,13.794,-3.296
-0.016,-0.859,0.811,-12.695,13.733,-3.235
-0.012,-0.858,0.810,-12.634,12.512,-3.967
-0.017,-0.858,0.816,-13.123,11.292,-5.066
-0.021,-0.865,0.815,-13.916,10.498,-5.066
-0.029,-0.849,0.798,-15.625,10.925,-4.517
-0.025,-0.819,0.778,-18.799,12.573,-3.662
-0.032,-0.792,0.758,-23.193,15.625,-2.686
-0.021,-0.765,0.738,-26.917,19.348,-0.793
-0.004,-0.765,0.724,-31.128,22.217,1.160
0.001,-0.692,0.732,-33.936,22.583,2.808
0.014,-0.630,0.751,-33.020,19.714,4.883
0.017,-0.608,0.767,-28.442,13.184,7.812
-0.002,-0.596,0.789,-21.545,4.456,10.376
-0.041,-0.618,0.810,-13.855,-4.761,12.634
-0.089,-0.669,0.824,-6.897,-11.719,13.733
-0.136,-0.730,0.825,-1.038,-15.564,12.878
-0.172,-0.807,0.823,2.319,-14.893,9.644
-0.174,-0.889,0.839,1.404,-9.827,4.700
-0.152,-0.931,0.795,-5.493,-2.258,-0.610
-0.116,-0.918,0.798,-16.418,8.789,-4.883
-0.050,-0.929,0.813,-27.954,19.287,-5.920
0.008,-0.904,0.829,-38.208,25.818,-5.676
0.064,-0.856,0.881,-44.556,28.198,-3.235
0.103,-0.838,0.925,-45.593,23.804,1.160
0.109,-0.856,0.965,-44.067,14.587,5.310
0.090,-0.890,0.974,-43.152,3.540,9.521
0.045,-0.939,0.933,-42.419,-6.287,13.916
0.006,-0.949,0.888,-41.687,-12.878,16.724
-0.022,-0.978,0.842,-40.466,-16.174,19.226

0.873,1.526,-0.488,19.043,8.179,15.442
0.882,1.546,-0.494,16.113,2.258,27.771
0.823,1.600,-0.500,9.033,-1.953,42.480
0.712,1.612,-0.519,3.418,-3.052,56.335
0.560,1.561,-0.511,3.052,0.488,63.965
0.423,1.458,-0.458,6.897,10.681,65.063
0.333,1.311,-0.362,13.550,25.330,60.181
0.344,1.201,-0.186,21.851,39.490,49.072
0.456,1.116,0.199,36.194,50.049,40.466
0.574,0.933,0.554,59.448,49.500,41.321
0.652,0.647,0.820,82.336,36.621,41.138
0.658,0.340,1.033,91.858,17.944,33.264
0.661,0.026,1.173,83.740,-1.404,21.851
0.679,-0.251,1.287,61.035,-16.541,15.442
0.634,-0.431,1.376,29.602,-27.588,22.888
0.572,-0.525,1.434,2.197,-38.025,37.598
0.528,-0.647,1.436,-10.132,-50.110,44.312
0.486,-0.762,1.375,-2.380,-64.697,35.950
0.413,-0.923,1.337,25.024,-78.613,15.747
0.386,-1.102,1.339,68.176,-88.440,-7.507
0.386,-1.231,1.447,118.958,-94.055,-26.367
0.351,-1.535,1.506,169.189,-99.731,-34.302
0.338,-1.852,1.648,206.055,-101.440,-36.926
0.227,-2.099,1.697,217.590,-96.313,-31.433
0.157,-2.235,1.697,202.454,-80.688,-22.461
0.067,-2.135,1.692,168.030,-54.199,-26.123
0.032,-1.937,1.616,126.770,-22.034,-43.457
0.017,-1.759,1.526,87.585,11.841,-66.895
0.044,-1.619,1.394,53.955,44.617,-87.219
0.144,-1.434,1.241,26.855,73.730,-103.516
0.360,-1.229,1.125,7.324,96.191,-117.004
0.606,-1.029,1.065,-2.380,107.483,-126.831
0.819,-0.854,1.081,-2.747,105.225,-127.380
0.991,-0.738,1.108,5.432,87.036,-113.647
1.073,-0.708,1.142,19.104,54.810,-88.989
1.085,-0.787,1.149,34.058,12.451,-57.739
1.002,-0.935,1.132,44.556,-35.095,-24.231
0.843,-1.106,1.091,46.631,-83.191,7.874
0.614,-1.295,0.961,39.917,-125.061,35.828
0.362,-1.348,0.879,26.978,-152.588,53.589
0.136,-1.370,0.707,13.977,-166.321,63.416
-0.042,-1.276,0.672,5.737,-163.635,62.805
-0.080,-1.193,0.593,1.953,-151.733,55.847
-0.184,-1.155,0.430,1.709,-136.902,43.701
-0.191,-1.032,0.418,0.488,-115.540,29.236
-0.160,-0.970,0.432,2.930,-95.520,17.761
-0.155,-0.900,0.446,7.324,-75.256,6.958
-0.122,-0.829,0.495,13.245,-55.115,0.977
-0.049,-0.802,0.581,20.203,-37.354,-0.854
-0.002,-0.822,0.656,27.527,-24.475,-1.343
0.038,-0.867,0.728,33.386,-15.259,-1.953
0.082,-0.932,0.795,36.133,-9.644,-2.991
0.105,-0.992,0.870,35.828,-8.545,-4.944
0.113,-1.028,0.928,33.081,-10.193,-8.850
0.113,-1.042,0.960,28.381,-13.245,-12.756
0.100,-1.045,0.967,21.606,-15.991,-15.320
0.096,-1.014,1.024,14.343,-15.503,-17.151
0.014,-0.984,0.943,7.996,-9.827,-21.790
0.159,-1.047,0.848,2.075,-0.671,-26.062
0.042,-0.972,0.848,-2.808,10.559,-35.828
0.131,-0.857,0.834,-9.827,30.884,-44.434
0.221,-0.884,0.869,-13.245,43.213,-43.457
0.365,-0.838,0.899,-16.846,51.392,-42.114
0.414,-0.783,0.924,-17.944,46.143,-37.537
0.437,-0.754,0.943,-18.616,33.752,-30.029
0.404,-0.751,0.954,-18.433,16.663,-19.226
0.338,-0.736,0.865,-17.151,0.061,-7.385
0.332,-0.716,0.959,-15.198,-12.207,2.686
0.181,-0.721,0.865,-11.597,-22.461,10.376
0.116,-0.706,0.929,-10.803,-19.836,14.771
0.077,-0.729,0.900,-9.644,-18.372,18.005
0.073,-0.739,0.902,-11.780,-14.343,17.822
0.028,-0.703,0.870,-15.198,-10.925,14.160
0.026,-0.642,0.894,-18.433,-7.324,10.254
0.027,-0.627,0.841,-17.578,-5.859,6.897
-0.001,-0.600,0.846,-14.709,-2.747,2.441
0.043,-0.610,0.855,-10.376,0.549,-0.854
0.092,-0.613,0.880,-6.348,1.160,-2.380
0.132,-0.643,0.862,-3.906,-1.038,-1.404
0.139,-0.625,0.881,-2.136,-3.723,-1.648
0.157,-0.635,0.868,0.305,-7.263,-1.404
0.142,-0.631,0.850,1.831,-10.010,-0.916
0.146,-0.588,0.839,1.404,-10.803,-0.549
0.161,-0.570,0.809,1.526,-11.108,0.549
0.158,-0.522,0.818,1.953,-10.071,0.610
0.185,-0.484,0.839,2.808,-9.888,2.808
0.149,-0.488,0.800,5.005,-11.108,5.615
0.123,-0.486,0.814,6.470,-9.766,7.629
0.089,-0.493,0.796,7.324,-8.118,8.606
0.088,-0.502,0.819,7.446,-4.700,7.263
0.104,-0.509,0.825,6.653,-2.014,3.723
0.111,-0.501,0.832,4.456,-1.953,0.122
0.105,-0.487,0.839,2.808,-2.930,-2.258
0.098,-0.479,0.833,1.892,-3.662,-3.418
0.109,-0.476,0.828,1.282,-3.235,-4.333
0.142,-0.474,0.828,0.732,-2.136,-4.944
0.167,-0.460,0.839,-1.221,-1.892,-4.395
0.184,-0.442,0.854,-3.723,-3.235,-2.014
0.176,-0.430,0.858,-5.249,-5.981,1.770
0.157,-0.425,0.857,-5.066,-9.155,5.310
0.128,-0.439,0.857,-3.235,-11.353,7.446
0.106,-0.459,0.872,-0.183,-12.024,7.996
0.082,-0.493,0.880,2.380,-11.169,7.751
0.070,-0.502,0.898,3.418,-8.850,6.592
0.067,-0.525,0.906,3.784,-6.226,5.798
0.066,-0.538,0.915,3.601,-3.540,4.089
0.060,-0.552,0.917,3.052,-1.709,1.221
0.070,-0.563,0.919,2.319,-0.061,-2.441
0.089,-0.570,0.919,0.793,1.038,-5.066
0.107,-0.564,0.919,-1.160,0.732,-7.385
0.136,-0.548,0.915,-2.319,-0.366,-8.911
0.167,-0.530,0.908,-1.953,-2.136,-9.216
0.186,-0.515,0.900,-0.244,-5.249,-8.179
0.196,-0.490,0.895,2.319,-8.667,-5.737
0.201,-0.474,0.900,4.456,-11.658,-2.319
0.195,-0.470,0.912,6.470,-15.503,1.892
0.161,-0.469,0.924,8.301,-19.409,5.554
0.123,-0.476,0.914,9.338,-22.766,7.751
0.079,-0.499,0.894,8.972,-23.621,7.874

-0.108,-1.834,1.030,83.435,-93.567,-34.912
-0.046,-1.860,1.078,76.721,-72.327,-56.030
0.090,-1.943,1.108,73.303,-53.162,-74.646
0.189,-2.056,1.078,74.402,-39.856,-89.722
0.188,-2.105,1.118,80.017,-26.306,-102.234
0.197,-2.088,1.120,88.562,-13.794,-112.549
0.119,-2.040,1.089,98.206,-3.113,-120.667
0.098,-1.973,1.049,105.042,9.888,-126.160
0.088,-1.896,0.972,108.826,23.193,-133.484
0.091,-1.823,0.970,108.704,39.063,-142.883
0.184,-1.789,0.924,103.394,53.284,-147.705
0.293,-1.737,0.878,90.576,63.965,-146.667
0.421,-1.641,0.853,71.350,69.336,-142.029
0.495,-1.507,0.831,50.964,68.359,-134.399
0.534,-1.366,0.824,33.508,61.523,-122.498
0.516,-1.272,0.823,22.034,50.476,-106.750
0.421,-1.215,0.820,17.151,38.086,-88.257
0.342,-1.196,0.809,15.869,25.635,-66.956
0.261,-1.217,0.779,16.785,14.160,-47.729
0.175,-1.239,0.807,17.700,5.676,-34.485
0.127,-1.246,0.848,16.968,-2.258,-25.085
0.061,-1.253,0.869,14.404,-12.268,-19.287
0.019,-1.241,0.901,10.437,-22.583,-16.785
-0.047,-1.228,0.907,6.714,-31.555,-16.846
-0.149,-1.196,0.927,5.310,-35.278,-17.029
-0.195,-1.164,0.919,5.005,-32.349,-16.113
-0.221,-1.177,0.858,3.540,-23.376,-16.357
-0.206,-1.144,0.896,-0.366,-9.827,-19.043
-0.135,-1.160,0.885,-6.165,3.052,-22.522
-0.095,-1.198,0.911,-13.550,15.686,-26.550
0.024,-1.149,0.953,-18.982,24.841,-33.020
0.018,-1.126,0.893,-21.851,27.222,-37.598
0.060,-1.154,0.943,-22.156,29.785,-35.583
0.067,-1.259,0.879,-18.677,30.640,-30.640
0.095,-1.413,0.896,-14.404,34.485,-26.978
0.158,-1.473,0.934,-11.841,36.804,-25.024
0.212,-1.502,0.903,-10.620,35.034,-23.132
0.233,-1.404,0.939,-13.000,32.837,-23.682
0.197,-1.211,0.878,-17.151,28.320,-22.278
0.146,-1.029,0.842,-20.447,25.940,-16.663
0.136,-0.873,0.840,-21.118,24.841,-8.179
0.182,-0.816,0.842,-19.592,22.888,-1.404
0.130,-0.684,0.824,-17.639,15.808,1.831
0.185,-0.625,0.852,-14.282,3.540,7.324
0.140,-0.586,0.840,-10.254,-14.893,10.864
0.051,-0.549,0.835,-6.836,-32.654,13.977
-0.021,-0.536,0.788,-3.845,-46.509,16.602
-0.093,-0.547,0.744,-1.526,-53.040,17.700
-0.150,-0.546,0.715,-0.549,-50.903,16.235
-0.196,-0.542,0.695,0.122,-41.443,13.245
-0.203,-0.535,0.716,0.366,-26.245,10.010
-0.160,-0.545,0.699,0.549,-9.033,7.263
-0.070,-0.508,0.739,-0.488,6.897,4.761
0.029,-0.501,0.755,-1.648,15.503,4.761
0.089,-0.497,0.774,-1.709,16.113,6.287
0.098,-0.468,0.779,-0.549,10.437,8.667
0.066,-0.481,0.752,1.709,1.892,12.146
0.021,-0.499,0.750,4.333,-3.906,15.015
0.000,-0.548,0.722,6.287,-6.897,16.479
-0.023,-0.538,0.723,7.202,-7.568,15.503
-0.002,-0.564,0.738,7.324,-8.240,15.015
0.009,-0.619,0.719,6.897,-9.277,13.245
0.002,-0.626,0.742,5.615,-9.216,8.911
0.027,-0.631,0.750,5.432,-9.644,5.005
0.008,-0.689,0.757,6.531,-9.583,2.747
0.001,-0.716,0.791,7.751,-7.507,0.671
0.009,-0.763,0.788,9.033,-5.066,-0.732
0.024,-0.801,0.793,8.667,-1.465,-2.625
0.022,-0.824,0.785,6.592,3.296,-4.761
0.037,-0.807,0.789,3.845,9.583,-7.202
0.073,-0.784,0.793,0.427,15.381,-8.240
0.125,-0.758,0.796,-2.319,18.860,-8.545
0.128,-0.714,0.786,-4.456,19.958,-8.728
0.161,-0.614,0.817,-5.859,19.104,-7.263
0.187,-0.582,0.789,-5.554,13.000,-2.869
0.154,-0.532,0.803,-4.333,5.676,1.892
0.130,-0.495,0.809,-2.930,-2.136,7.751
0.099,-0.494,0.804,-0.916,-10.620,13.245
0.050,-0.491,0.798,0.305,-18.127,16.785
0.004,-0.488,0.795,1.160,-23.560,18.127
-0.037,-0.498,0.797,2.441,-25.757,18.005
-0.067,-0.521,0.803,3.479,-25.085,17.578
-0.086,-0.547,0.814,3.662,-21.973,16.785
-0.103,-0.570,0.819,2.869,-17.700,15.137
-0.114,-0.588,0.822,1.465,-12.085,12.634
-0.105,-0.605,0.835,-0.244,-5.493,9.399
-0.080,-0.620,0.846,-2.197,0.488,5.676
-0.052,-0.630,0.853,-3.845,5.005,1.343
-0.016,-0.639,0.861,-5.188,7.874,-2.258
0.015,-0.645,0.863,-5.920,8.606,-3.784
0.039,-0.650,0.860,-6.226,7.324,-4.456
0.056,-0.660,0.856,-6.042,5.188,-4.639
0.070,-0.674,0.845,-5.493,3.540,-4.883
0.078,-0.685,0.831,-5.615,2.319,-4.822
0.078,-0.688,0.819,-6.104,2.441,-4.150
0.083,-0.689,0.817,-6.348,3.357,-3.540
0.096,-0.686,0.818,-6.348,5.005,-3.113
0.112,-0.682,0.820,-6.104,5.981,-2.075
0.121,-0.673,0.823,-5.859,6.104,-0.793
0.137,-0.656,0.833,-5.920,5.127,0.488
0.147,-0.632,0.832,-6.287,2.197,2.136
0.144,-0.610,0.821,-6.592,-1.831,4.333
0.128,-0.587,0.813,-6.836,-5.981,6.836
0.107,-0.571,0.808,-7.446,-9.338,9.644
0.084,-0.568,0.803,-7.996,-11.353,12.390
0.064,-0.567,0.806,-9.094,-12.329,14.832
0.044,-0.567,0.814,-10.315,-13.123,16.663
0.031,-0.567,0.821,-11.719,-13.916,17.761
0.020,-0.570,0.825,-12.573,-14.832,17.944
0.009,-0.575,0.821,-13.489,-16.174,17.334
-0.003,-0.575,0.812,-14.893,-17.151,16.235
-0.011,-0.569,0.800,-17.273,-16.968,15.503
-0.014,-0.566,0.781,-18.921,-15.747,14.465
-0.018,-0.560,0.760,-20.447,-12.878,13.367
-0.017,-0.558,0.750,-21.545,-8.972,12.085
-0.014,-0.556,0.744,-21.912,-4.272,10.681
0.003,-0.559,0.744,-21.973,0.427,9.705
0.040,-0.555,0.760,-21.973,4.089,8.972
0.067,-0.570,0.758,-21.912,4.639,8.667

-0.408,-1.755,0.867,115.601,-136.536,-6.409
-0.405,-1.904,0.936,131.348,-125.061,-22.034
-0.353,-2.004,1.005,143.066,-112.183,-40.466
-0.322,-2.122,1.024,143.188,-95.947,-52.063
-0.314,-2.113,0.981,130.432,-74.280,-58.228
-0.296,-2.046,0.933,108.826,-45.349,-62.317
-0.233,-2.006,0.826,85.205,-11.902,-68.176
-0.217,-1.900,0.791,64.880,25.146,-80.139
-0.129,-1.844,0.745,52.368,61.829,-91.370
0.018,-1.786,0.725,47.852,94.116,-101.990
0.220,-1.684,0.731,47.241,118.347,-113.464
0.473,-1.586,0.763,47.363,129.761,-121.399
0.659,-1.501,0.795,46.143,126.343,-122.742
0.745,-1.423,0.872,43.884,110.535,-115.112
0.731,-1.386,0.897,44.128,86.731,-99.854
0.654,-1.430,0.920,48.401,63.721,-83.313
0.583,-1.576,0.888,52.673,46.936,-68.787
0.422,-1.929,0.777,47.852,38.879,-57.312
0.221,-1.908,0.670,33.997,50.598,-51.270
0.444,-1.584,0.720,0.732,77.576,-34.546
0.440,-1.842,0.725,-47.302,75.500,0.977
0.342,-1.951,0.764,-88.501,45.105,41.504
0.259,-1.687,0.834,-116.272,6.348,64.087
0.051,-1.516,0.820,-124.023,-35.095,63.171
-0.186,-1.419,0.697,-117.615,-71.350,51.941
-0.344,-1.290,0.596,-106.567,-91.553,37.781
-0.427,-1.133,0.524,-95.703,-95.764,23.560
-0.466,-0.990,0.450,-86.853,-86.975,13.550
-0.471,-0.857,0.403,-80.322,-67.444,7.568
-0.440,-0.734,0.409,-74.219,-40.649,2.808
-0.363,-0.638,0.461,-66.101,-12.024,-0.366
-0.264,-0.596,0.561,-55.969,11.658,-0.793
-0.134,-0.548,0.696,-44.556,25.208,0.610
-0.066,-0.573,0.767,-31.982,25.574,0.916
0.019,-0.594,0.893,-20.447,16.846,-0.488
-0.006,-0.635,0.979,-10.803,1.526,-1.892
-0.029,-0.693,0.928,-6.775,-10.803,-1.526
-0.110,-0.635,0.936,-8.667,-17.822,-0.183
-0.119,-0.699,0.911,-14.648,-19.897,9.033
-0.161,-0.693,0.888,-19.836,-16.663,14.893
-0.168,-0.632,0.883,-22.217,-10.254,16.113
-0.167,-0.678,0.905,-17.456,-4.883,15.686
-0.147,-0.665,0.922,-9.583,-0.854,10.437
-0.111,-0.735,0.963,1.282,-1.343,6.836
-0.100,-0.815,0.991,12.207,-5.188,3.479
-0.098,-0.868,1.011,21.606,-11.230,-0.549
-0.119,-0.956,1.010,30.090,-17.517,-3.906
-0.183,-1.065,1.005,36.987,-20.813,-8.972
-0.245,-1.203,1.000,41.138,-17.822,-15.564
-0.261,-1.323,0.990,41.321,-8.850,-22.949
-0.221,-1.401,0.966,37.720,4.272,-30.823
-0.133,-1.382,0.926,30.640,19.043,-37.964
0.019,-1.297,0.880,21.423,31.372,-41.992
0.107,-1.140,0.876,14.282,37.903,-41.809
0.204,-0.978,0.819,9.766,40.161,-36.987
0.277,-0.847,0.788,8.545,37.598,-29.114
0.295,-0.715,0.787,7.507,29.724,-18.982
0.285,-0.632,0.779,7.019,16.174,-6.470
0.258,-0.585,0.798,7.019,-0.916,5.676
0.165,-0.562,0.794,7.324,-19.714,15.686
0.037,-0.538,0.787,7.202,-35.522,22.644
-0.103,-0.544,0.763,7.690,-45.349,25.818
-0.208,-0.539,0.770,7.996,-46.387,24.292
-0.264,-0.537,0.776,9.033,-40.405,19.226
-0.277,-0.549,0.766,9.521,-29.602,11.292
-0.253,-0.548,0.771,7.996,-14.954,2.441
-0.164,-0.546,0.781,4.089,0.427,-3.418
-0.059,-0.543,0.786,-0.488,13.794,-6.958
0.023,-0.520,0.779,-5.859,22.095,-8.972
0.081,-0.503,0.761,-10.010,24.597,-9.094
0.169,-0.454,0.788,-12.695,23.010,-7.263
0.268,-0.490,0.782,-13.000,14.160,-2.686
0.232,-0.477,0.751,-13.306,1.221,1.282
0.191,-0.452,0.757,-12.451,-10.254,6.104
0.143,-0.497,0.725,-8.118,-19.348,11.047
0.110,-0.497,0.739,-3.235,-23.499,13.306
0.073,-0.533,0.735,0.671,-25.696,14.160
0.028,-0.546,0.744,2.319,-25.452,14.343
-0.003,-0.560,0.743,2.563,-23.560,13.794
-0.036,-0.585,0.731,1.404,-20.264,11.658
-0.067,-0.595,0.727,-0.366,-15.198,8.240
-0.076,-0.594,0.721,-1.221,-8.362,4.395
-0.056,-0.601,0.735,-0.122,-0.977,1.038
-0.023,-0.599,0.758,0.854,5.188,-0.977
-0.006,-0.602,0.772,2.014,8.545,-2.441
-0.003,-0.607,0.787,2.319,10.254,-3.235
0.001,-0.601,0.799,1.282,12.024,-3.601
0.014,-0.592,0.814,-0.488,13.672,-4.150
0.035,-0.594,0.805,-2.380,14.343,-4.456
0.048,-0.574,0.825,-4.395,14.343,-4.578
0.068,-0.573,0.834,-4.944,12.512,-3.479
0.070,-0.575,0.846,-4.761,9.277,-1.770
0.076,-0.572,0.850,-4.761,5.127,0.671
0.069,-0.561,0.849,-4.883,0.732,2.075
0.061,-0.562,0.840,-4.578,-3.052,3.296
0.036,-0.580,0.834,-5.371,-5.859,5.249
0.001,-0.587,0.827,-6.348,-7.019,7.263
-0.021,-0.600,0.817,-7.324,-6.348,8.789
-0.026,-0.615,0.809,-8.179,-4.333,9.155
0.000,-0.616,0.818,-8.667,-2.136,8.789
0.032,-0.612,0.825,-8.301,-2.014,8.362
0.051,-0.606,0.825,-7.446,-4.150,8.972
0.041,-0.614,0.822,-5.432,-7.324,10.132
0.023,-0.636,0.825,-3.662,-9.644,11.597
0.015,-0.658,0.837,-1.892,-10.254,13.000
0.014,-0.679,0.849,-1.587,-10.193,13.184
0.014,-0.690,0.866,-2.747,-9.766,12.634
0.018,-0.685,0.865,-6.165,-9.277,11.902
0.018,-0.665,0.847,-10.193,-8.850,10.315
0.021,-0.645,0.826,-13.733,-7.690,8.850
0.014,-0.621,0.794,-16.418,-5.798,7.385
0.011,-0.589,0.770,-17.822,-2.625,6.836
0.022,-0.570,0.762,-17.395,1.282,7.263
0.046,-0.567,0.760,-15.747,4.517,8.484
0.075,-0.561,0.773,-13.367,6.104,10.132
0.095,-0.554,0.789,-11.292,4.761,12.512
0.094,-0.546,0.794,-8.911,0.732,14.282
0.078,-0.537,0.797,-7.141,-4.028,14.893
0.050,-0.548,0.796,-6.470,-7.874,15.198

0.801,1.560,-0.255,57.068,-64.209,12.207
0.795,1.554,-0.281,61.096,-75.256,12.512
0.750,1.538,-0.264,68.359,-85.632,16.541
0.646,1.509,-0.200,80.261,-94.055,24.902
0.550,1.421,-0.091,95.825,-97.961,37.231
0.460,1.251,0.036,112.366,-96.741,51.453
0.372,1.027,0.160,127.380,-91.675,60.974
0.325,0.815,0.296,139.648,-82.703,58.899
0.299,0.558,0.433,153.870,-71.838,46.204
0.378,0.215,0.573,166.199,-64.392,32.104
0.405,-0.075,0.704,165.222,-66.345,28.320
0.321,-0.323,0.771,151.306,-80.200,35.278
0.168,-0.589,0.732,130.554,-98.328,43.152
-0.012,-0.902,0.652,104.553,-112.915,43.091
-0.203,-1.255,0.574,74.280,-120.117,33.936
-0.335,-1.654,0.527,45.410,-119.995,19.226
-0.396,-2.039,0.506,25.269,-113.831,0.244
-0.394,-2.268,0.524,18.677,-104.431,-23.376
-0.326,-2.347,0.591,27.039,-95.154,-49.133
-0.180,-2.393,0.662,47.546,-88.623,-70.801
-0.100,-2.460,0.673,77.393,-87.280,-87.524
-0.103,-2.541,0.687,111.694,-86.304,-98.511
-0.087,-2.595,0.730,145.325,-80.688,-98.267
-0.096,-2.636,0.775,176.941,-73.120,-91.064
-0.102,-2.664,0.813,198.486,-62.073,-81.543
-0.143,-2.684,0.846,204.956,-47.852,-70.679
-0.242,-2.647,0.869,197.266,-30.029,-62.561
-0.340,-2.545,0.896,179.932,-5.920,-58.960
-0.309,-2.433,0.924,156.311,25.208,-60.913
-0.160,-2.313,0.938,127.319,58.960,-72.083
0.055,-2.156,0.957,95.398,88.379,-89.600
0.312,-1.967,0.974,63.416,107.056,-106.445
0.576,-1.759,0.956,31.982,110.840,-114.990
0.797,-1.565,0.913,2.808,98.938,-112.549
0.940,-1.402,0.850,-22.156,74.463,-99.854
0.966,-1.269,0.819,-39.490,40.894,-78.979
0.914,-1.177,0.797,-48.462,1.831,-52.185
0.732,-1.187,0.647,-51.025,-36.987,-24.902
0.472,-1.174,0.575,-53.162,-63.477,-2.014
0.404,-1.200,0.701,-55.969,-82.825,18.677
0.276,-1.313,0.219,-59.998,-109.070,32.654
-0.157,-1.260,0.278,-67.444,-105.896,37.048
-0.220,-1.183,0.403,-75.867,-91.309,42.114
-0.196,-1.254,0.223,-75.562,-89.172,41.870
-0.312,-1.269,0.195,-77.209,-76.050,33.569
-0.315,-1.176,0.255,-78.064,-59.570,24.902
-0.325,-1.083,0.254,-73.730,-48.340,17.151
-0.325,-1.042,0.284,-65.918,-35.217,13.489
-0.247,-0.976,0.390,-53.711,-23.804,10.681
-0.235,-0.949,0.384,-41.626,-15.259,10.803
-0.149,-0.944,0.423,-31.921,-7.568,15.625
-0.181,-0.992,0.511,-21.973,-1.526,19.165
-0.122,-0.955,0.633,-15.747,6.897,19.348
-0.126,-0.901,0.670,-6.042,8.179,18.860
-0.129,-1.009,0.719,2.869,14.526,17.700
-0.116,-1.051,0.739,9.216,22.522,8.667
-0.139,-1.118,0.802,12.817,29.907,-1.526
-0.053,-1.295,0.840,12.634,36.499,-8.423
-0.006,-1.439,0.857,9.033,40.527,-14.954
0.068,-1.503,0.853,1.221,43.884,-19.470
0.125,-1.396,0.828,-8.789,46.021,-24.536
0.134,-1.138,0.765,-18.372,47.241,-25.085
0.254,-0.970,0.800,-24.231,45.654,-18.005
0.215,-0.848,0.736,-24.780,39.429,-8.179
0.234,-0.692,0.874,-22.949,36.865,0.244
0.224,-0.606,0.863,-16.052,21.667,8.240
0.134,-0.600,0.922,-8.423,8.057,14.221
0.032,-0.634,0.959,-1.465,-4.822,17.334
-0.047,-0.674,0.939,2.625,-15.930,17.151
-0.116,-0.695,0.932,3.174,-21.729,12.573
-0.182,-0.687,0.922,1.892,-21.667,4.211
-0.203,-0.672,0.874,0.916,-16.357,-5.188
-0.198,-0.653,0.842,0.732,-6.226,-14.954
-0.151,-0.635,0.824,0.671,8.667,-24.109
-0.063,-0.610,0.821,1.526,24.414,-29.846
0.012,-0.588,0.803,1.587,36.011,-31.799
0.086,-0.556,0.793,1.160,44.250,-31.799
0.157,-0.506,0.800,2.258,47.302,-28.748
0.232,-0.494,0.845,4.761,44.128,-23.376
0.251,-0.495,0.821,8.972,35.767,-17.578
0.209,-0.464,0.831,14.404,25.330,-12.146
0.191,-0.528,0.845,19.714,14.832,-5.432
0.177,-0.604,0.850,24.048,4.578,-1.770
0.134,-0.655,0.841,25.513,-3.540,-0.061
0.089,-0.706,0.833,23.254,-8.423,0.793
0.045,-0.774,0.798,17.822,-10.254,0.793
0.014,-0.797,0.762,10.071,-7.935,-1.526
0.017,-0.787,0.718,0.916,-2.014,-4.761
0.035,-0.785,0.693,-6.348,4.089,-7.812
0.077,-0.772,0.691,-10.925,9.583,-9.583
0.106,-0.774,0.682,-12.146,11.841,-9.705
0.120,-0.779,0.674,-10.803,12.268,-9.460
0.123,-0.778,0.672,-7.812,11.475,-8.911
0.123,-0.773,0.669,-3.845,10.742,-7.935
0.129,-0.759,0.673,0.122,10.620,-6.958
0.138,-0.752,0.693,2.625,10.315,-5.432
0.140,-0.740,0.728,4.639,8.362,-3.662
0.132,-0.731,0.764,6.409,4.517,-1.526
0.113,-0.741,0.802,6.714,-0.488,1.282
0.083,-0.756,0.834,6.287,-6.592,3.906
0.049,-0.763,0.862,4.578,-13.184,5.310
0.011,-0.760,0.859,1.404,-19.104,5.310
-0.020,-0.759,0.844,-2.441,-22.766,4.089
-0.054,-0.730,0.822,-5.920,-23.987,0.549
-0.062,-0.717,0.786,-8.728,-22.217,-3.052
-0.055,-0.721,0.749,-9.705,-17.883,-6.836
-0.038,-0.711,0.708,-9.827,-11.292,-11.108
-0.017,-0.688,0.674,-9.705,-3.601,-15.015
0.005,-0.674,0.657,-9.338,5.493,-17.273
0.029,-0.671,0.658,-8.362,15.076,-17.151
0.051,-0.672,0.691,-7.202,23.987,-15.259
0.081,-0.675,0.728,-4.822,30.090,-12.329
0.102,-0.706,0.759,-1.770,32.288,-9.460
0.118,-0.750,0.787,0.488,30.579,-7.690
0.121,-0.789,0.812,1.465,25.818,-7.324
0.107,-0.814,0.819,1.099,19.653,-7.568
0.097,-0.829,0.827,-0.977,14.099,-8.362
0.099,-0.849,0.819,-3.601,10.193,-8.972
0.086,-0.867,0.793,-6.653,7.629,-9.644

0.821,1.836,-0.219,82.397,-72.083,16.968
0.853,1.907,-0.279,98.022,-90.637,18.188
0.814,1.937,-0.302,117.615,-109.558,20.203
0.740,1.873,-0.310,138.550,-127.136,23.437
0.594,1.763,-0.291,156.616,-141.235,26.550
0.381,1.643,-0.271,169.800,-150.757,29.114
0.148,1.525,-0.241,177.856,-152.588,31.616
-0.090,1.373,-0.197,181.335,-145.630,33.203
-0.349,1.168,-0.145,180.420,-132.324,32.715
-0.576,0.913,-0.082,173.157,-114.868,31.189
-0.752,0.564,-0.012,160.950,-98.206,26.123
-0.859,0.142,0.066,143.005,-86.975,15.076
-0.871,-0.367,0.181,116.821,-83.130,3.357
-0.810,-1.048,0.332,80.566,-87.463,-1.160
-0.721,-1.834,0.428,36.560,-100.891,-0.427
-0.557,-2.553,0.526,-7.202,-118.958,-4.700
-0.285,-3.124,0.697,-40.710,-136.780,-10.498
-0.039,-3.368,0.933,-55.725,-155.884,-5.371
0.013,-3.439,1.017,-37.781,-173.157,4.761
-0.058,-3.299,1.116,19.409,-167.969,6.836
-0.063,-2.873,1.301,103.760,-135.010,-1.282
-0.081,-2.801,1.305,195.557,-89.661,-8.606
-0.141,-3.112,1.347,259.949,-39.063,-17.883
-0.227,-3.370,1.410,279.419,9.338,-25.452
-0.266,-3.297,1.499,250.793,54.382,-41.016
-0.142,-3.021,1.464,186.829,91.187,-73.608
0.046,-2.667,1.310,107.849,118.408,-112.549
0.256,-2.258,1.222,32.166,138.367,-140.381
0.570,-1.787,1.170,-24.292,148.132,-146.179
0.886,-1.410,1.143,-54.749,137.390,-131.714
1.072,-1.189,1.107,-62.500,98.877,-103.271
1.049,-1.138,1.034,-55.359,36.682,-66.528
0.801,-1.181,0.907,-41.504,-34.973,-27.039
0.455,-1.261,0.770,-25.757,-101.196,9.705
0.083,-1.334,0.650,-8.240,-149.963,36.499
-0.301,-1.432,0.579,9.949,-175.354,46.753
-0.644,-1.609,0.565,27.832,-174.683,41.748
-0.870,-1.841,0.575,42.725,-150.208,25.330
-0.955,-2.050,0.568,50.415,-107.666,1.160
-0.901,-2.125,0.553,49.011,-53.467,-26.123
-0.701,-2.024,0.572,38.696,2.380,-48.401
-0.416,-1.783,0.605,22.339,49.377,-56.458
-0.147,-1.579,0.515,7.568,77.393,-50.781
0.096,-1.283,0.796,-2.258,87.280,-37.354
0.198,-1.057,0.761,-2.869,69.946,-19.958
0.230,-0.997,0.797,2.075,43.762,-3.052
0.128,-0.850,0.804,12.573,10.071,6.470
0.026,-0.804,0.774,24.414,-20.203,16.357
-0.098,-0.847,0.718,34.485,-42.480,22.888
-0.219,-0.850,0.684,40.649,-51.575,23.865
-0.272,-0.853,0.683,43.213,-49.744,22.644
-0.262,-0.935,0.717,43.640,-39.307,20.508
-0.240,-0.910,0.763,40.771,-25.208,13.672
-0.223,-0.883,0.797,34.912,-10.864,6.287
-0.190,-0.862,0.850,27.466,0.305,0.366
-0.173,-0.837,0.865,20.996,7.080,-4.761
-0.162,-0.785,0.853,15.259,12.329,-9.705
-0.132,-0.766,0.833,11.353,15.625,-12.085
-0.088,-0.755,0.797,8.057,17.578,-13.367
-0.081,-0.686,0.787,5.188,18.555,-14.282
-0.035,-0.668,0.755,5.066,17.151,-13.855
-0.043,-0.608,0.752,7.141,13.794,-14.038
-0.013,-0.630,0.750,11.658,8.972,-11.230
-0.035,-0.649,0.734,17.578,3.235,-10.376
-0.036,-0.666,0.763,21.790,-0.793,-9.827
-0.048,-0.691,0.750,23.987,-4.944,-8.179
-0.078,-0.737,0.731,24.292,-6.836,-6.042
-0.101,-0.744,0.748,22.644,-4.395,-5.554
-0.074,-0.777,0.729,20.264,-0.122,-4.700
-0.063,-0.792,0.733,16.602,5.127,-4.700
-0.076,-0.789,0.704,11.414,11.108,-4.761
-0.040,-0.781,0.696,6.531,17.456,-4.272
-0.043,-0.749,0.700,2.625,22.400,-3.906
-0.010,-0.774,0.681,-0.916,26.184,-2.258
0.001,-0.750,0.690,-3.967,28.320,-1.526
0.022,-0.740,0.686,-5.188,27.100,-0.671
0.005,-0.709,0.701,-5.554,23.865,0.671
-0.002,-0.718,0.696,-4.639,18.188,3.906
-0.031,-0.714,0.697,-2.930,12.146,6.714
-0.063,-0.736,0.683,-0.793,6.775,8.301
-0.093,-0.767,0.675,0.610,3.540,8.545
-0.114,-0.787,0.666,0.488,2.075,7.874
-0.125,-0.784,0.663,-0.671,2.563,5.981
-0.119,-0.783,0.657,-2.686,4.028,4.639
-0.118,-0.788,0.644,-4.578,5.920,3.540
-0.099,-0.802,0.639,-7.507,8.240,3.723
-0.079,-0.786,0.641,-10.620,9.399,3.662
-0.067,-0.755,0.637,-12.268,9.460,2.991
-0.068,-0.739,0.633,-11.780,8.423,2.930
-0.069,-0.731,0.625,-9.949,7.263,3.357
-0.084,-0.721,0.617,-7.385,6.531,3.479
-0.079,-0.721,0.624,-4.883,6.775,3.540
-0.066,-0.722,0.637,-3.479,7.019,2.991
-0.053,-0.726,0.652,-2.747,5.920,2.258
-0.048,-0.727,0.670,-2.686,3.784,1.709
-0.047,-0.723,0.680,-2.869,1.648,1.160
-0.053,-0.728,0.683,-3.052,0.122,0.977
-0.055,-0.726,0.686,-4.089,-0.183,0.916
-0.048,-0.717,0.685,-4.944,0.305,0.793
-0.046,-0.714,0.688,-5.249,1.160,1.282
-0.043,-0.716,0.682,-5.676,2.075,2.380
-0.039,-0.709,0.687,-6.653,3.540,3.906
-0.050,-0.707,0.674,-7.324,4.944,4.456
-0.027,-0.692,0.706,-7.935,6.714,4.578
-0.011,-0.713,0.680,-6.836,5.249,5.127
-0.008,-0.713,0.700,-6.165,3.601,5.615
-0.010,-0.715,0.690,-4.761,-0.183,5.859
-0.021,-0.730,0.684,-2.930,-4.089,6.042
-0.031,-0.722,0.685,-1.831,-7.385,6.592
-0.049,-0.734,0.683,-1.282,-9.705,7.507
-0.070,-0.736,0.690,-1.099,-10.742,8.118
-0.089,-0.747,0.693,-1.221,-10.315,8.240
-0.103,-0.762,0.693,-1.953,-9.033,7.996
-0.104,-0.763,0.695,-4.028,-6.653,7.446
-0.100,-0.757,0.693,-6.409,-4.395,6.287
-0.097,-0.748,0.681,-8.667,-2.563,4.883
-0.090,-0.736,0.668,-9.949,-0.549,3.479
-0.078,-0.728,0.658,-10.620,0.977,2.563
-0.061,-0.718,0.652,-10.681,1.892,2.258

0.755,-1.172,1.050,70.862,-12.146,-78.186
0.879,-1.458,1.106,120.117,-20.630,-108.765
0.888,-1.765,1.211,171.692,-41.504,-131.836
0.831,-2.066,1.227,215.454,-68.115,-145.508
0.738,-2.344,1.247,245.544,-91.187,-154.724
0.632,-2.508,1.266,255.554,-105.042,-157.532
0.491,-2.582,1.213,244.568,-109.680,-151.367
0.379,-2.568,1.188,213.867,-99.731,-139.771
0.281,-2.468,1.158,172.180,-77.393,-126.038
0.264,-2.240,1.188,128.540,-46.692,-114.136
0.331,-2.000,1.211,92.773,-17.700,-106.262
0.383,-1.799,1.219,67.688,2.075,-101.257
0.448,-1.624,1.227,51.208,10.437,-95.886
0.481,-1.477,1.203,41.992,7.080,-87.952
0.460,-1.428,1.141,38.269,-4.822,-79.041
0.418,-1.475,1.062,36.621,-19.226,-71.777
0.370,-1.619,0.989,36.499,-30.762,-68.054
0.335,-1.864,0.942,36.865,-35.217,-65.491
0.312,-2.131,0.916,35.706,-30.945,-62.866
0.259,-2.251,0.924,30.823,-17.883,-59.387
0.129,-2.233,0.792,22.461,1.099,-53.650
0.262,-1.963,0.939,10.681,28.564,-41.992
0.128,-1.790,0.743,4.639,46.936,-26.978
0.232,-1.429,0.711,-3.113,65.369,-21.179
0.177,-1.092,0.869,-5.798,66.650,-18.616
0.298,-0.925,0.890,-3.662,49.072,-9.216
0.276,-0.863,0.872,3.357,18.616,-1.404
0.229,-0.799,0.962,11.719,-15.991,2.686
0.165,-0.828,0.924,23.437,-53.101,2.930
0.057,-0.818,0.880,33.264,-83.801,-0.977
-0.072,-0.812,0.837,38.696,-101.074,-3.540
-0.148,-0.795,0.781,39.795,-101.196,-7.263
-0.159,-0.780,0.749,38.147,-86.060,-12.878
-0.124,-0.739,0.759,34.546,-61.340,-18.738
-0.030,-0.726,0.775,30.762,-33.569,-23.132
0.079,-0.703,0.817,27.954,-8.850,-26.367
0.175,-0.684,0.839,25.085,8.484,-25.513
0.254,-0.667,0.866,22.522,17.944,-20.630
0.278,-0.667,0.889,21.301,19.653,-13.733
0.263,-0.642,0.918,20.691,15.259,-6.531
0.221,-0.666,0.908,21.912,5.920,-0.305
0.159,-0.697,0.892,23.376,-3.296,3.052
0.092,-0.747,0.865,23.743,-10.010,3.540
0.033,-0.779,0.840,22.766,-12.085,0.610
-0.001,-0.810,0.806,20.325,-10.376,-4.028
0.008,-0.852,0.777,16.968,-6.104,-9.277
0.041,-0.905,0.737,12.024,-1.282,-14.648
0.045,-0.934,0.695,6.226,3.845,-19.531
0.060,-0.915,0.668,-0.366,11.108,-22.217
0.098,-0.870,0.651,-4.578,18.921,-22.888
0.164,-0.854,0.642,-5.737,25.085,-21.179
0.189,-0.835,0.631,-4.822,28.381,-18.738
0.193,-0.820,0.622,-3.235,30.090,-15.076
0.211,-0.819,0.619,-1.831,30.640,-10.254
0.195,-0.791,0.613,-1.221,29.785,-5.615
0.220,-0.748,0.648,-1.404,26.672,-0.427
0.250,-0.727,0.657,-1.404,18.555,5.859
0.190,-0.707,0.653,-1.221,7.446,9.949
0.083,-0.686,0.615,-0.671,-2.136,11.719
-0.013,-0.646,0.617,1.038,-5.310,10.559
-0.039,-0.609,0.637,2.930,-4.028,8.911
-0.003,-0.640,0.670,5.371,-4.028,8.911
0.039,-0.729,0.615,6.409,-5.981,7.751
0.017,-0.600,0.717,4.822,-7.935,2.441
0.043,-0.680,0.623,4.944,-13.672,2.075
0.016,-0.641,0.674,5.188,-15.686,0.000
0.034,-0.671,0.645,6.104,-17.090,-1.099
0.017,-0.675,0.661,6.592,-15.564,-2.319
0.031,-0.690,0.670,6.470,-12.878,-2.930
0.053,-0.712,0.679,6.348,-9.705,-3.174
0.071,-0.714,0.685,6.104,-6.958,-3.662
0.089,-0.719,0.679,4.883,-5.127,-3.967
0.084,-0.726,0.663,3.784,-3.784,-4.395
0.084,-0.729,0.666,3.174,-1.953,-4.761
0.091,-0.736,0.671,3.906,-0.366,-4.944
0.101,-0.736,0.676,4.639,0.610,-5.066
0.102,-0.733,0.676,5.249,0.183,-4.761
0.097,-0.735,0.677,5.798,-0.488,-3.784
0.090,-0.741,0.674,6.287,-1.343,-3.540
0.079,-0.744,0.671,6.104,-1.709,-3.601
0.083,-0.744,0.676,5.249,-1.831,-3.479
0.074,-0.725,0.681,4.272,-1.465,-3.540
0.100,-0.740,0.672,3.601,-1.099,-3.418
0.082,-0.719,0.693,2.991,-0.732,-3.662
0.118,-0.705,0.699,2.380,-1.099,-2.808
0.121,-0.709,0.704,2.747,-3.418,-0.916
0.126,-0.701,0.708,2.502,-6.592,0.610
0.097,-0.699,0.703,2.441,-10.071,1.343
0.080,-0.701,0.690,2.747,-12.146,2.136
0.070,-0.694,0.690,2.869,-12.390,2.808
0.065,-0.687,0.702,3.235,-11.841,3.601
0.062,-0.696,0.714,4.028,-11.475,4.395
0.049,-0.714,0.725,4.456,-11.658,4.944
0.030,-0.725,0.728,3.662,-11.658,5.310
0.015,-0.734,0.727,2.258,-10.803,5.249
0.003,-0.740,0.714,-0.122,-9.033,4.578
-0.000,-0.738,0.707,-2.808,-6.470,2.930
0.003,-0.730,0.700,-4.822,-3.601,1.282
0.020,-0.724,0.692,-5.493,-1.038,0.061
0.031,-0.727,0.681,-5.676,0.305,-1.038
0.041,-0.730,0.676,-5.371,1.099,-1.709
0.065,-0.729,0.680,-5.310,1.282,-2.075
0.072,-0.732,0.673,-4.761,-0.183,-2.136
0.079,-0.739,0.670,-4.211,-2.319,-1.709
0.081,-0.741,0.663,-4.028,-4.578,-0.732
0.069,-0.735,0.655,-4.456,-6.470,0.061
0.051,-0.726,0.642,-5.005,-7.263,1.160
0.024,-0.708,0.638,-5.249,-6.287,1.892
0.014,-0.701,0.639,-4.456,-4.395,2.075
0.008,-0.704,0.644,-3.235,-2.197,1.526
0.008,-0.697,0.659,-2.075,-0.854,0.366
0.010,-0.692,0.662,-1.160,-0.488,-0.977
0.010,-0.697,0.667,-0.244,-0.244,-2.075
0.011,-0.703,0.670,-0.061,-0.122,-2.686
0.013,-0.702,0.671,-0.183,-0.305,-3.174
0.013,-0.698,0.665,-1.038,-0.061,-3.479
0.019,-0.694,0.654,-1.648,0.061,-3.845
0.031,-0.696,0.648,-2.014,0.000,-4.028
0.043,-0.695,0.650,-2.197,-0.183,-4.211

-0.337,-1.861,0.951,5.005,-117.554,64.575
-0.359,-2.027,0.944,20.020,-100.037,56.885
-0.399,-2.098,0.931,46.753,-73.242,19.836
-0.300,-2.285,1.026,85.999,-41.565,-28.503
-0.083,-2.745,1.175,138.184,-12.146,-71.167
0.114,-3.154,1.463,193.970,13.672,-106.018
0.278,-3.377,1.662,244.019,30.579,-129.883
0.358,-3.379,1.730,277.283,39.368,-143.616
0.464,-3.215,1.649,283.447,47.791,-149.170
0.628,-2.929,1.475,259.888,59.631,-152.283
0.834,-2.492,1.344,211.853,72.571,-153.137
1.006,-1.990,1.252,153.320,76.294,-141.235
1.153,-1.547,1.278,97.656,62.195,-107.483
1.196,-1.241,1.324,54.199,21.606,-56.396
1.039,-1.083,1.335,27.466,-44.006,-4.639
0.694,-1.152,1.186,16.663,-123.901,36.133
0.253,-1.318,0.920,10.498,-196.777,62.561
-0.194,-1.474,0.631,-0.427,-243.347,71.777
-0.588,-1.560,0.388,-17.578,-253.357,67.200
-0.850,-1.534,0.222,-36.865,-228.455,56.824
-0.931,-1.402,0.151,-53.528,-178.406,46.326
-0.889,-1.241,0.134,-62.012,-118.103,35.522
-0.783,-1.097,0.186,-60.425,-59.204,24.475
-0.618,-0.999,0.307,-49.316,-10.803,15.381
-0.441,-0.949,0.436,-32.715,21.423,10.742
-0.277,-0.906,0.565,-15.198,36.011,11.780
-0.186,-0.863,0.679,0.183,35.095,16.052
-0.129,-0.855,0.784,14.282,24.475,22.278
-0.091,-0.921,0.894,25.391,8.118,28.442
-0.141,-1.014,0.969,32.715,-10.620,30.457
-0.301,-0.992,0.982,35.645,-27.222,27.100
-0.364,-1.212,1.049,35.278,-36.072,24.292
-0.476,-1.306,0.985,30.518,-38.025,12.939
-0.543,-1.439,0.930,21.118,-28.564,0.000
-0.571,-1.487,0.866,11.169,-7.812,-15.381
-0.419,-1.580,0.815,4.395,20.996,-29.785
-0.270,-1.559,0.763,0.305,50.293,-46.204
-0.119,-1.414,0.757,-3.906,77.759,-57.495
0.065,-1.253,0.803,-8.789,96.497,-55.420
0.115,-1.139,0.706,-12.512,103.821,-43.457
0.226,-1.010,0.818,-15.137,106.934,-30.823
0.244,-0.891,0.812,-11.963,94.055,-20.203
0.238,-0.798,0.917,-7.385,73.730,-9.583
0.183,-0.798,0.876,-1.831,44.678,-0.732
0.080,-0.831,0.872,1.770,17.029,4.761
-0.018,-0.803,0.836,1.770,-5.615,5.249
-0.089,-0.762,0.798,-1.099,-21.973,5.554
-0.128,-0.719,0.755,-4.883,-32.471,6.409
-0.161,-0.669,0.717,-6.897,-38.147,6.531
-0.155,-0.648,0.717,-6.104,-39.856,5.981
-0.200,-0.577,0.702,-4.150,-39.185,5.127
-0.151,-0.577,0.706,-1.038,-37.476,6.775
-0.169,-0.592,0.683,1.770,-36.377,6.714
-0.190,-0.578,0.703,2.441,-34.058,5.615
-0.190,-0.596,0.682,3.845,-31.738,4.211
-0.201,-0.593,0.718,4.578,-28.137,2.808
-0.175,-0.630,0.705,4.883,-25.574,3.235
-0.219,-0.655,0.708,5.493,-21.729,2.502
-0.226,-0.687,0.691,4.944,-15.198,1.221
-0.219,-0.727,0.683,3.845,-6.287,-0.793
-0.198,-0.752,0.700,2.258,4.272,-3.479
-0.148,-0.742,0.717,-0.610,14.404,-6.042
-0.077,-0.787,0.719,-2.747,19.775,-6.897
-0.054,-0.792,0.727,-4.395,21.240,-7.935
-0.033,-0.783,0.730,-5.737,20.325,-8.728
-0.009,-0.829,0.697,-6.042,18.127,-8.484
-0.001,-0.808,0.693,-6.897,17.212,-9.216
0.009,-0.806,0.673,-7.935,15.991,-9.338
-0.000,-0.793,0.655,-8.118,15.503,-8.789
0.004,-0.759,0.653,-7.446,17.029,-7.263
0.017,-0.749,0.648,-6.226,19.104,-5.127
0.013,-0.723,0.659,-4.822,20.264,-3.479
0.015,-0.714,0.667,-3.540,20.081,-2.075
0.014,-0.694,0.678,-3.845,18.311,-0.671
0.001,-0.669,0.682,-4.883,13.977,0.549
-0.018,-0.645,0.683,-5.981,8.240,1.831
-0.045,-0.621,0.682,-6.653,1.831,3.174
-0.079,-0.599,0.684,-6.165,-3.906,4.272
-0.106,-0.585,0.689,-5.127,-8.240,5.371
-0.128,-0.579,0.693,-3.479,-11.353,5.981
-0.147,-0.573,0.700,-1.465,-13.367,6.042
-0.166,-0.575,0.699,1.404,-14.038,5.676
-0.183,-0.587,0.700,3.723,-12.939,4.883
-0.192,-0.611,0.692,5.920,-10.071,3.113
-0.167,-0.650,0.708,7.385,-6.042,0.793
-0.163,-0.651,0.736,7.141,-2.014,-1.709
-0.115,-0.658,0.749,6.409,0.366,-3.113
-0.098,-0.680,0.765,6.287,-0.122,-3.113
-0.080,-0.697,0.778,5.615,-1.709,-2.502
-0.083,-0.714,0.771,4.639,-4.272,-2.441
-0.097,-0.726,0.759,3.296,-6.348,-2.930
-0.113,-0.728,0.750,1.404,-6.287,-3.235
-0.121,-0.728,0.738,-0.061,-4.822,-3.479
-0.123,-0.724,0.728,-1.221,-1.892,-4.150
-0.116,-0.723,0.724,-2.258,1.038,-5.005
-0.100,-0.721,0.729,-2.380,3.723,-5.554
-0.078,-0.718,0.740,-2.319,5.127,-4.883
-0.071,-0.723,0.739,-2.319,4.272,-3.601
-0.065,-0.715,0.747,-1.831,1.831,-2.563
-0.069,-0.720,0.742,-0.916,-1.343,-1.160
-0.083,-0.726,0.731,-0.366,-4.822,-0.122
-0.110,-0.726,0.713,-0.122,-7.141,0.671
-0.127,-0.721,0.698,-1.221,-7.263,1.709
-0.136,-0.705,0.687,-2.991,-5.615,2.014
-0.136,-0.672,0.684,-4.761,-3.174,1.892
-0.130,-0.641,0.688,-5.493,-1.160,2.014
-0.124,-0.624,0.694,-4.272,-0.671,2.502
-0.125,-0.625,0.699,-1.770,-1.648,3.235
-0.137,-0.635,0.703,0.671,-3.784,3.174
-0.146,-0.646,0.701,2.808,-6.226,2.563
-0.151,-0.655,0.697,4.150,-8.301,1.221
-0.153,-0.654,0.691,4.761,-9.460,0.061
-0.153,-0.639,0.684,4.456,-9.949,-0.793
-0.153,-0.626,0.681,3.723,-9.705,-0.610
-0.149,-0.620,0.678,3.113,-8.850,-0.183
-0.142,-0.619,0.673,2.808,-8.301,-0.122
-0.132,-0.622,0.669,2.563,-8.423,-0.488
-0.116,-0.627,0.670,2.258,-9.033,-0.854
-0.103,-0.623,0.668,2.075,-10.559,-1.160

-0.188,-2.050,0.919,-47.607,-106.323,-5.676
-0.319,-2.242,0.971,-26.794,-132.629,-5.005
-0.444,-2.401,1.002,6.409,-147.583,-5.676
-0.596,-2.612,0.944,48.340,-147.827,-12.512
-0.692,-2.780,0.938,91.919,-129.333,-26.245
-0.669,-3.042,0.886,129.761,-96.558,-40.222
-0.611,-3.184,0.988,158.752,-52.612,-56.885
-0.546,-3.098,1.183,179.749,-5.981,-74.158
-0.417,-2.977,1.283,197.510,34.607,-81.299
-0.094,-2.848,1.346,203.918,69.519,-91.064
0.127,-2.810,1.237,193.359,93.262,-107.544
0.358,-2.629,1.173,160.278,113.220,-123.596
0.744,-2.340,1.157,114.807,127.991,-131.287
1.005,-2.054,1.215,74.829,130.066,-127.686
1.233,-1.816,1.260,48.401,113.831,-109.619
1.303,-1.543,1.286,33.264,79.773,-81.055
1.153,-1.440,1.276,26.001,31.616,-44.739
0.871,-1.496,1.228,22.034,-18.250,-10.315
0.535,-1.638,1.127,15.930,-63.232,13.306
0.039,-1.765,0.989,3.601,-95.825,25.146
-0.355,-1.843,0.848,-13.794,-108.459,28.137
-0.557,-1.880,0.599,-36.194,-106.201,22.461
-0.616,-1.722,0.551,-62.744,-89.600,10.925
-0.525,-1.560,0.322,-85.693,-72.144,0.732
-0.487,-1.575,0.364,-102.966,-51.453,-4.639
-0.385,-1.485,0.167,-108.704,-37.842,-10.803
-0.422,-1.464,0.209,-105.774,-23.193,-13.306
-0.336,-1.588,0.174,-91.248,-12.207,-6.348
-0.314,-1.629,0.219,-69.763,1.892,-2.930
-0.158,-1.661,0.316,-46.082,15.686,0.488
-0.001,-1.564,0.378,-27.100,22.217,2.502
0.131,-1.376,0.501,-15.747,20.691,6.165
0.170,-1.260,0.545,-9.460,8.118,14.038
0.111,-1.133,0.637,-8.484,-7.935,23.621
0.029,-1.037,0.649,-10.925,-25.452,34.119
-0.064,-1.004,0.640,-16.174,-41.809,41.565
-0.201,-0.951,0.607,-24.109,-53.711,41.748
-0.325,-0.872,0.593,-30.640,-59.998,37.598
-0.420,-0.810,0.562,-32.288,-60.181,31.128
-0.437,-0.723,0.560,-28.625,-53.406,22.888
-0.403,-0.643,0.555,-18.677,-43.823,13.794
-0.342,-0.595,0.581,-4.700,-33.386,4.944
-0.259,-0.566,0.607,9.949,-24.597,-0.977
-0.188,-0.577,0.630,22.461,-19.287,-3.174
-0.147,-0.591,0.656,30.884,-17.029,-3.357
-0.135,-0.613,0.681,36.499,-16.602,-2.808
-0.143,-0.633,0.709,40.894,-16.602,-1.221
-0.172,-0.658,0.737,43.091,-15.686,2.991
-0.218,-0.714,0.763,43.396,-13.916,8.362
-0.291,-0.723,0.775,42.358,-10.376,11.414
-0.275,-0.786,0.800,39.124,-4.883,12.939
-0.271,-0.869,0.793,33.691,-0.793,9.583
-0.266,-0.847,0.804,25.330,3.784,1.892
-0.235,-0.832,0.799,16.541,5.981,-3.235
-0.198,-0.826,0.799,10.254,6.104,-5.859
-0.162,-0.805,0.792,7.080,5.066,-6.897
-0.134,-0.804,0.779,6.836,2.747,-7.507
-0.114,-0.815,0.767,8.423,1.038,-8.606
-0.093,-0.832,0.751,10.498,0.549,-9.644
-0.062,-0.854,0.735,11.169,1.343,-9.827
-0.029,-0.866,0.720,10.254,2.075,-8.728
-0.013,-0.867,0.706,7.629,2.258,-5.981
-0.007,-0.853,0.690,3.967,2.380,-2.197
-0.011,-0.822,0.673,0.305,2.258,2.380
-0.037,-0.785,0.653,-3.296,2.075,6.531
-0.079,-0.750,0.624,-6.470,2.380,10.315
-0.108,-0.742,0.606,-8.301,3.235,13.367
-0.137,-0.676,0.657,-10.254,4.456,14.404
-0.123,-0.714,0.589,-11.169,1.465,14.954
-0.157,-0.669,0.623,-12.085,-1.465,11.169
-0.173,-0.616,0.623,-11.597,-5.981,8.362
-0.143,-0.654,0.651,-9.277,-11.230,7.935
-0.140,-0.663,0.678,-6.104,-18.860,6.104
-0.138,-0.688,0.688,-3.662,-27.954,4.578
-0.170,-0.716,0.686,-2.563,-35.828,3.113
-0.202,-0.734,0.671,-1.343,-39.551,1.282
-0.214,-0.752,0.657,0.000,-37.659,-0.549
-0.222,-0.787,0.629,0.427,-31.067,-2.136
-0.220,-0.790,0.641,0.122,-19.775,-4.028
-0.186,-0.801,0.648,-1.282,-7.263,-5.371
-0.138,-0.812,0.670,-3.784,4.028,-5.005
-0.093,-0.815,0.677,-6.470,11.475,-3.357
-0.082,-0.817,0.681,-9.338,15.442,-1.892
-0.053,-0.797,0.740,-11.963,16.846,-0.244
-0.025,-0.851,0.727,-12.817,12.512,1.648
-0.072,-0.796,0.734,-14.221,7.629,1.160
-0.113,-0.798,0.689,-14.099,3.052,1.953
-0.124,-0.809,0.718,-13.306,1.831,1.221
-0.121,-0.806,0.700,-13.184,1.282,-0.916
-0.116,-0.787,0.716,-14.404,0.488,-2.747
-0.126,-0.791,0.709,-15.198,-1.709,-3.540
-0.134,-0.777,0.705,-15.686,-2.808,-4.822
-0.137,-0.764,0.692,-15.137,-2.441,-5.981
-0.127,-0.756,0.688,-13.672,-0.610,-6.470
-0.117,-0.753,0.685,-12.146,1.709,-6.409
-0.114,-0.746,0.698,-10.742,3.845,-5.554
-0.112,-0.749,0.706,-8.850,5.005,-4.272
-0.110,-0.749,0.726,-6.775,5.676,-3.418
-0.111,-0.757,0.745,-4.700,5.554,-2.930
-0.111,-0.764,0.748,-2.991,4.639,-1.770
-0.113,-0.765,0.757,-3.357,3.601,-0.488
-0.109,-0.769,0.758,-4.517,2.319,0.793
-0.094,-0.766,0.762,-7.019,0.366,1.648
-0.091,-0.763,0.768,-9.949,-2.319,2.502
-0.104,-0.759,0.761,-12.756,-6.348,3.296
-0.121,-0.740,0.750,-15.076,-9.583,3.296
-0.135,-0.724,0.728,-17.090,-11.414,2.502
-0.148,-0.717,0.709,-18.066,-11.902,1.038
-0.150,-0.718,0.697,-17.944,-10.620,0.061
-0.147,-0.709,0.688,-18.005,-8.240,-0.671
-0.131,-0.700,0.683,-18.677,-5.493,-0.732
-0.123,-0.700,0.684,-19.287,-2.747,-0.183
-0.131,-0.711,0.687,-20.020,-0.061,0.854
-0.143,-0.717,0.692,-20.691,2.686,1.770
-0.146,-0.716,0.698,-22.156,5.676,1.831
-0.143,-0.716,0.701,-23.865,7.996,1.160
-0.142,-0.708,0.702,-25.818,9.460,0.244
-0.136,-0.698,0.706,-27.283,10.071,-0.549
-0.134,-0.683,0.703,-28.259,9.705,-0.671

0.997,2.193,-0.173,38.879,5.188,32.654
1.166,2.241,-0.283,44.495,-3.479,38.635
1.284,2.125,-0.367,49.500,-14.282,41.992
1.329,1.915,-0.445,52.307,-28.320,41.748
1.331,1.663,-0.523,52.795,-44.922,40.100
1.208,1.432,-0.577,53.955,-64.270,39.612
0.993,1.253,-0.606,57.495,-83.191,46.326
0.733,1.074,-0.605,65.186,-97.900,62.073
0.418,0.854,-0.586,75.623,-104.614,81.238
0.049,0.677,-0.549,84.045,-101.196,97.290
-0.290,0.516,-0.514,89.539,-85.693,106.323
-0.504,0.397,-0.477,94.604,-59.814,106.445
-0.541,0.363,-0.346,101.868,-30.029,97.290
-0.431,0.278,-0.173,114.929,-10.559,84.595
-0.381,0.126,-0.017,130.371,-11.658,74.768
-0.396,-0.180,0.123,143.433,-32.349,66.833
-0.391,-0.673,0.392,152.527,-57.922,56.152
-0.300,-1.200,0.773,156.128,-76.904,42.175
-0.120,-1.673,1.092,151.306,-87.952,22.705
0.234,-2.205,1.415,128.540,-93.323,11.047
0.614,-2.699,1.734,79.529,-101.501,28.931
0.696,-2.798,1.900,22.644,-121.826,59.204
0.477,-2.642,1.859,-13.000,-142.883,69.824
0.264,-2.547,1.732,-18.372,-148.376,59.998
0.111,-2.516,1.651,2.380,-135.071,38.452
0.024,-2.433,1.685,44.495,-109.375,14.343
0.065,-2.392,1.811,101.440,-81.726,-4.272
0.177,-2.313,1.983,159.302,-63.904,-18.616
0.143,-2.323,2.066,207.703,-61.646,-27.649
-0.087,-2.307,2.070,236.389,-67.383,-35.828
-0.257,-2.279,1.966,241.638,-71.655,-44.739
-0.389,-2.246,1.672,223.938,-62.500,-61.829
-0.327,-2.165,1.500,184.692,-28.015,-87.463
-0.140,-2.036,1.241,133.667,21.851,-118.530
0.177,-1.689,1.304,76.111,76.538,-141.479
0.451,-1.631,0.793,25.879,110.962,-139.648
0.515,-1.308,0.799,-19.348,144.287,-130.981
0.713,-1.133,0.723,-47.668,161.133,-108.643
0.892,-1.082,0.698,-52.917,152.283,-79.163
0.807,-1.054,0.532,-51.819,120.850,-47.058
0.676,-0.940,0.563,-49.866,77.393,-13.306
0.549,-0.944,0.470,-39.368,20.447,20.142
0.297,-0.979,0.332,-22.827,-37.231,43.396
0.042,-0.961,0.249,-7.385,-84.351,54.504
-0.165,-0.959,0.167,9.766,-117.371,55.603
-0.346,-0.997,0.115,27.161,-134.583,47.974
-0.457,-1.033,0.096,43.091,-136.963,34.485
-0.496,-1.080,0.146,54.688,-126.648,18.127
-0.475,-1.162,0.236,62.317,-107.605,3.479
-0.386,-1.215,0.354,62.561,-83.496,-3.723
-0.310,-1.229,0.455,54.504,-59.265,-4.578
-0.261,-1.212,0.544,42.175,-36.743,-3.845
-0.203,-1.157,0.643,31.433,-15.869,-5.310
-0.133,-1.114,0.735,25.391,1.099,-9.583
-0.041,-1.056,0.821,24.353,11.841,-15.076
-0.033,-1.042,0.825,25.574,16.174,-19.470
-0.000,-0.974,0.876,26.123,17.883,-22.339
0.111,-1.176,0.769,27.710,13.306,-19.226
-0.086,-1.012,0.863,25.635,13.611,-21.851
0.044,-1.121,0.830,21.057,16.479,-15.747
0.068,-1.240,0.838,23.682,14.343,-15.869
0.007,-1.130,0.803,18.799,12.390,-22.339
-0.022,-1.121,0.820,13.672,10.742,-22.400
-0.029,-1.219,0.771,11.841,10.681,-21.240
-0.067,-1.186,0.776,8.423,14.893,-23.926
-0.036,-1.135,0.767,3.906,19.165,-25.208
-0.057,-1.055,0.772,1.587,21.240,-24.170
0.001,-1.063,0.737,1.831,21.851,-19.592
0.021,-1.021,0.741,1.953,21.057,-16.235
-0.021,-0.956,0.680,0.854,16.846,-13.611
-0.046,-0.878,0.641,-1.465,14.221,-11.353
-0.050,-0.820,0.693,-0.977,11.536,-10.193
-0.031,-0.791,0.671,2.258,6.958,-9.399
-0.016,-0.758,0.677,6.104,2.075,-8.423
-0.031,-0.714,0.694,11.047,-3.174,-6.714
-0.048,-0.696,0.713,16.052,-8.240,-3.662
-0.074,-0.720,0.699,20.630,-11.719,0.000
-0.093,-0.728,0.717,23.499,-12.207,2.075
-0.099,-0.734,0.729,25.452,-11.108,1.770
-0.116,-0.729,0.735,25.879,-9.460,-0.305
-0.116,-0.737,0.739,24.597,-6.653,-1.587
-0.099,-0.734,0.781,22.522,-4.089,-2.380
-0.003,-0.745,0.799,20.203,-4.822,-3.357
0.019,-0.720,0.814,17.334,-10.437,-4.822
-0.053,-0.701,0.746,13.733,-17.883,-4.333
-0.122,-0.655,0.723,10.864,-18.799,-3.357
-0.140,-0.667,0.709,11.597,-13.367,-3.052
-0.115,-0.681,0.743,12.573,-5.188,-2.930
-0.078,-0.695,0.776,12.146,0.854,-2.563
-0.078,-0.727,0.774,9.949,3.235,-2.197
-0.098,-0.739,0.763,5.493,4.272,-2.625
-0.099,-0.734,0.757,0.916,5.798,-3.784
-0.082,-0.747,0.731,-2.625,8.240,-5.737
-0.070,-0.738,0.715,-6.226,10.742,-7.446
-0.060,-0.734,0.692,-9.644,13.000,-7.874
-0.046,-0.727,0.688,-11.414,15.564,-8.179
-0.013,-0.734,0.684,-11.597,17.395,-7.507
0.009,-0.752,0.685,-11.597,16.968,-5.615
0.017,-0.759,0.689,-11.658,14.465,-4.211
0.008,-0.773,0.684,-11.230,10.803,-3.601
-0.009,-0.787,0.684,-11.169,7.996,-3.174
-0.027,-0.790,0.691,-11.047,6.897,-2.258
-0.066,-0.814,0.680,-12.024,7.385,-0.488
-0.071,-0.790,0.691,-13.733,9.399,0.244
-0.077,-0.804,0.694,-14.587,11.047,0.244
-0.040,-0.804,0.703,-15.442,12.146,-1.770
-0.034,-0.790,0.708,-16.174,10.437,-3.113
-0.041,-0.770,0.708,-17.029,7.324,-3.540
-0.047,-0.760,0.695,-17.700,4.211,-3.296
-0.045,-0.736,0.679,-18.372,2.319,-3.174
-0.038,-0.713,0.670,-18.250,1.099,-2.686
-0.029,-0.692,0.665,-17.761,0.366,-1.831
-0.033,-0.668,0.671,-16.357,-0.305,-1.343
-0.045,-0.645,0.684,-14.343,-1.221,-1.099
-0.066,-0.641,0.695,-11.841,-2.258,-0.122
-0.082,-0.643,0.712,-9.583,-2.747,0.732
-0.089,-0.641,0.728,-7.324,-3.235,0.671
-0.095,-0.647,0.738,-5.188,-3.418,-0.488
-0.081,-0.655,0.747,-4.272,-3.296,-1.648

-0.336,-2.445,0.922,138.855,-122.131,31.616
-0.410,-2.651,0.995,156.799,-117.554,-0.671
-0.415,-2.931,1.004,168.823,-105.103,-33.752
-0.376,-2.881,1.065,173.035,-81.970,-71.045
-0.254,-2.787,1.036,173.218,-53.589,-93.567
-0.120,-2.624,1.057,167.664,-21.973,-106.445
0.071,-2.519,1.094,158.386,6.897,-109.314
0.176,-2.428,1.093,147.705,29.541,-109.131
0.264,-2.353,1.134,133.484,47.913,-106.995
0.375,-2.231,1.103,117.432,60.059,-102.173
0.483,-2.057,1.067,98.999,66.101,-96.497
0.582,-1.896,1.015,77.637,64.392,-89.600
0.681,-1.737,0.937,53.955,53.772,-79.712
0.676,-1.566,0.854,30.518,35.706,-64.880
0.594,-1.409,0.793,10.498,14.465,-44.800
0.469,-1.310,0.747,-1.587,-7.263,-19.897
0.319,-1.268,0.705,-7.202,-27.954,3.357
0.181,-1.229,0.709,-9.338,-47.546,20.752
0.005,-1.243,0.633,-9.888,-66.772,29.846
-0.241,-1.263,0.579,-11.536,-78.613,31.067
-0.409,-1.250,0.536,-13.916,-78.003,28.442
-0.505,-1.229,0.518,-13.672,-66.162,23.437
-0.519,-1.190,0.536,-12.634,-46.082,16.479
-0.471,-1.177,0.557,-9.338,-23.254,8.789
-0.376,-1.173,0.589,-5.554,-1.709,1.038
-0.248,-1.159,0.671,-3.235,15.930,-4.456
-0.097,-1.153,0.784,-1.404,27.344,-7.263
-0.050,-1.159,0.763,-0.977,31.189,-7.690
0.175,-1.120,0.861,-3.601,28.687,-4.395
0.073,-1.236,0.750,-3.784,15.503,1.526
0.074,-1.185,0.850,-12.634,9.644,6.897
-0.013,-1.117,0.810,-16.235,0.488,12.085
-0.016,-1.208,0.771,-20.081,-5.554,21.667
-0.139,-1.205,0.757,-23.010,-6.958,21.912
-0.184,-1.150,0.719,-24.597,-4.822,16.418
-0.187,-1.085,0.714,-25.330,-0.610,11.841
-0.132,-1.113,0.727,-24.292,2.380,9.705
-0.134,-1.019,0.729,-22.949,4.150,7.019
-0.076,-0.965,0.737,-21.423,4.761,9.888
-0.037,-0.949,0.734,-17.822,3.052,14.221
0.001,-0.937,0.748,-13.550,-0.732,16.418
0.003,-0.918,0.752,-9.949,-6.409,17.456
-0.025,-0.901,0.740,-7.812,-12.573,19.531
-0.080,-0.871,0.725,-6.653,-17.761,22.156
-0.140,-0.841,0.696,-5.432,-20.691,24.536
-0.182,-0.819,0.669,-4.822,-20.020,25.635
-0.213,-0.790,0.652,-4.333,-16.846,23.804
-0.221,-0.743,0.661,-4.089,-11.902,20.569
-0.222,-0.717,0.587,-2.930,-6.897,17.029
-0.201,-0.647,0.628,-2.014,-0.854,13.550
-0.148,-0.652,0.620,1.587,2.686,11.536
-0.121,-0.644,0.631,4.456,4.883,9.155
-0.085,-0.612,0.667,5.981,5.005,7.751
-0.052,-0.639,0.676,8.057,2.014,7.996
-0.044,-0.630,0.713,9.094,-1.953,7.263
-0.045,-0.620,0.717,10.132,-7.507,7.507
-0.070,-0.628,0.711,11.414,-13.123,8.972
-0.090,-0.636,0.694,10.681,-17.090,10.376
-0.108,-0.647,0.684,9.155,-18.250,10.437
-0.128,-0.648,0.671,6.531,-16.907,8.911
-0.137,-0.648,0.670,3.662,-13.489,6.958
-0.125,-0.660,0.664,1.892,-9.521,4.395
-0.109,-0.666,0.670,0.488,-5.615,1.099
-0.083,-0.670,0.673,-0.671,-2.197,-1.587
-0.063,-0.667,0.680,-0.488,0.000,-3.113
-0.052,-0.667,0.690,0.183,1.404,-3.296
-0.047,-0.677,0.693,1.343,3.052,-3.235
-0.041,-0.700,0.696,1.831,4.761,-3.296
-0.020,-0.716,0.702,0.610,6.836,-3.174
0.005,-0.710,0.709,-2.625,7.568,-2.869
0.016,-0.687,0.704,-5.981,6.104,-2.258
0.015,-0.671,0.684,-7.935,3.357,-1.587
-0.001,-0.671,0.671,-8.179,0.854,-0.671
-0.019,-0.685,0.665,-7.751,-0.427,0.427
-0.031,-0.700,0.667,-7.385,-0.488,1.587
-0.040,-0.708,0.674,-7.202,0.061,1.282
-0.050,-0.713,0.678,-6.592,0.732,-0.244
-0.048,-0.721,0.684,-5.005,1.343,-1.953
-0.043,-0.744,0.691,-3.052,1.892,-3.357
-0.046,-0.761,0.694,-1.526,2.136,-4.822
-0.053,-0.769,0.694,-1.221,3.052,-6.287
-0.046,-0.773,0.700,-0.854,4.761,-7.629
-0.037,-0.768,0.697,-0.305,6.531,-8.362
-0.022,-0.764,0.696,0.000,7.874,-8.667
-0.007,-0.757,0.693,0.122,8.301,-9.094
0.008,-0.741,0.693,0.671,7.690,-9.277
0.019,-0.724,0.691,1.038,5.859,-8.911
0.026,-0.702,0.688,1.587,2.991,-8.057
0.025,-0.688,0.684,3.052,-0.305,-6.897
0.012,-0.685,0.683,5.249,-3.479,-5.371
-0.006,-0.682,0.692,7.507,-5.737,-3.845
-0.027,-0.677,0.699,9.460,-7.507,-2.869
-0.051,-0.682,0.701,10.254,-8.423,-2.197
-0.067,-0.683,0.706,10.254,-8.301,-2.502
-0.072,-0.679,0.707,9.155,-7.812,-2.991
-0.079,-0.668,0.708,7.507,-7.141,-3.174
-0.079,-0.665,0.709,6.104,-5.920,-3.418
-0.080,-0.668,0.705,5.066,-4.700,-4.395
-0.077,-0.671,0.699,4.150,-2.869,-5.737
-0.059,-0.669,0.699,3.601,-0.854,-6.653
-0.018,-0.666,0.708,3.418,0.366,-6.897
0.013,-0.667,0.711,3.479,-0.854,-6.409
0.025,-0.671,0.710,3.723,-4.028,-5.188
0.029,-0.679,0.709,4.150,-8.057,-3.784
0.024,-0.686,0.704,3.845,-11.841,-2.563
0.001,-0.690,0.698,3.418,-14.771,-0.977
-0.022,-0.699,0.692,3.479,-16.052,0.427
-0.043,-0.717,0.686,3.601,-15.625,0.793
-0.060,-0.727,0.681,3.723,-13.672,-0.366
-0.067,-0.735,0.680,3.174,-10.254,-1.404
-0.058,-0.742,0.684,2.380,-6.226,-2.197
-0.045,-0.741,0.690,1.648,-2.625,-2.930
-0.034,-0.740,0.693,1.038,-0.183,-3.174
-0.029,-0.744,0.694,0.427,1.282,-3.235
-0.025,-0.748,0.698,0.122,2.258,-3.235
-0.030,-0.749,0.703,-0.671,2.869,-3.052
-0.034,-0.751,0.705,-1.831,3.479,-2.625
-0.017,-0.753,0.715,-2.808,3.723,-1.892
-0.003,-0.742,0.720,-4.089,2.625,-1.160

-0.375,-2.444,0.296,-47.546,-60.303,-26.672
-0.394,-2.747,0.252,-93.140,-51.575,-39.063
-0.296,-2.844,0.374,-115.051,-48.767,-49.194
-0.236,-2.999,0.354,-107.788,-55.054,-50.476
-0.225,-2.873,0.527,-74.890,-59.998,-55.359
-0.187,-2.651,0.697,-22.461,-63.843,-62.073
-0.244,-2.524,0.792,46.997,-63.843,-69.641
-0.252,-2.583,0.907,118.591,-54.749,-76.477
-0.292,-2.585,0.849,176.392,-39.124,-85.815
-0.303,-2.441,0.802,209.656,-10.803,-93.506
-0.227,-2.289,0.759,215.393,28.442,-100.037
-0.011,-2.214,0.725,197.937,74.158,-105.774
0.261,-2.064,0.785,162.048,114.685,-108.398
0.501,-1.820,0.921,120.117,136.169,-102.417
0.722,-1.579,1.112,85.205,131.287,-83.679
0.726,-1.443,1.215,64.819,98.145,-57.068
0.626,-1.360,1.319,54.871,45.776,-30.518
0.490,-1.449,1.220,51.514,-19.104,-10.010
0.233,-1.580,1.031,42.664,-81.238,-1.160
-0.052,-1.556,0.864,23.987,-127.319,0.122
-0.281,-1.536,0.680,4.700,-153.809,-0.610
-0.405,-1.532,0.518,-11.536,-159.973,-2.319
-0.457,-1.513,0.415,-23.560,-149.597,-5.371
-0.476,-1.511,0.332,-31.494,-128.235,-8.545
-0.473,-1.509,0.301,-34.973,-98.633,-10.071
-0.415,-1.498,0.310,-33.630,-65.979,-10.986
-0.362,-1.467,0.410,-26.978,-33.752,-12.817
-0.248,-1.564,0.298,-17.151,-8.118,-13.916
-0.185,-1.705,0.386,-8.728,14.404,-14.099
-0.049,-1.802,0.454,-0.427,28.625,-14.893
0.013,-1.773,0.574,4.211,35.767,-14.160
0.094,-1.796,0.607,6.348,34.058,-6.592
0.087,-1.715,0.629,5.005,29.053,0.977
0.085,-1.594,0.648,0.122,23.193,9.827
0.069,-1.518,0.632,-6.042,15.686,16.968
0.011,-1.370,0.634,-13.733,7.202,19.043
-0.049,-1.257,0.596,-21.606,-2.502,19.653
-0.181,-1.092,0.591,-26.978,-10.071,20.081
-0.185,-1.040,0.549,-28.381,-16.479,22.095
-0.279,-1.018,0.491,-24.841,-20.508,18.982
-0.314,-0.888,0.483,-21.790,-19.165,12.878
-0.347,-0.899,0.396,-14.038,-16.174,8.728
-0.297,-0.892,0.422,-6.592,-8.423,1.709
-0.220,-0.837,0.430,0.610,-2.197,-6.348
-0.131,-0.801,0.449,5.127,0.977,-10.437
-0.067,-0.769,0.483,8.240,0.305,-10.071
-0.013,-0.762,0.504,11.230,-3.906,-5.493
-0.023,-0.754,0.530,13.428,-8.850,-0.427
-0.009,-0.760,0.573,14.099,-12.939,5.615
-0.036,-0.792,0.580,14.160,-17.212,9.827
-0.072,-0.768,0.612,11.108,-19.409,10.864
-0.097,-0.772,0.608,7.935,-20.752,9.766
-0.125,-0.746,0.607,5.310,-19.348,5.798
-0.129,-0.721,0.601,3.479,-15.869,1.587
-0.117,-0.720,0.594,2.808,-11.536,-1.831
-0.101,-0.717,0.582,2.869,-7.263,-4.578
-0.094,-0.711,0.565,3.113,-2.930,-7.812
-0.079,-0.714,0.550,3.906,1.892,-10.864
-0.053,-0.710,0.557,5.371,7.812,-13.428
-0.036,-0.718,0.556,7.202,13.062,-15.015
-0.011,-0.736,0.562,8.911,17.273,-15.442
0.004,-0.755,0.573,10.132,20.142,-15.259
0.010,-0.783,0.581,10.132,21.240,-14.587
0.038,-0.803,0.598,8.911,21.179,-13.123
0.063,-0.813,0.608,6.714,19.287,-10.315
0.055,-0.824,0.607,3.906,15.320,-7.141
0.030,-0.837,0.605,0.977,10.559,-4.211
0.006,-0.858,0.593,-1.221,6.531,-2.808
-0.015,-0.872,0.579,-2.563,4.089,-2.136
-0.045,-0.888,0.568,-3.357,3.479,-1.831
-0.068,-0.910,0.559,-3.601,4.578,-1.648
-0.083,-0.918,0.561,-4.150,7.202,-2.014
-0.092,-0.932,0.563,-5.127,10.437,-2.991
-0.087,-0.939,0.548,-5.676,13.367,-3.967
-0.085,-0.940,0.538,-6.592,15.625,-5.615
-0.075,-0.943,0.521,-7.385,17.334,-7.141
-0.084,-0.941,0.494,-6.714,19.104,-9.216
-0.074,-0.934,0.478,-6.104,22.217,-10.803
-0.041,-0.923,0.473,-5.005,25.757,-12.146
0.005,-0.892,0.485,-4.089,27.405,-11.963
0.047,-0.861,0.499,-2.991,25.940,-9.094
0.062,-0.828,0.507,-1.831,20.752,-4.883
0.052,-0.802,0.511,-0.244,13.245,-1.465
0.018,-0.783,0.503,1.099,5.615,1.648
-0.017,-0.757,0.503,2.563,-0.549,3.174
-0.048,-0.735,0.502,4.272,-4.395,3.845
-0.058,-0.729,0.510,6.165,-6.104,3.540
-0.055,-0.734,0.530,8.057,-7.385,2.502
-0.054,-0.738,0.545,9.521,-8.728,1.526
-0.049,-0.741,0.551,9.827,-9.888,1.038
-0.045,-0.755,0.549,9.460,-10.864,0.366
-0.067,-0.739,0.560,9.094,-10.559,-0.610
-0.041,-0.750,0.561,8.423,-9.277,-0.977
-0.035,-0.746,0.569,7.690,-8.240,-1.526
-0.029,-0.756,0.573,6.104,-7.263,-1.221
-0.022,-0.766,0.574,4.456,-6.226,-0.793
-0.017,-0.772,0.581,3.601,-5.249,-0.793
-0.023,-0.776,0.590,2.808,-4.333,-0.610
-0.026,-0.800,0.593,2.136,-3.052,-0.244
-0.028,-0.814,0.596,1.465,-1.404,-0.427
-0.028,-0.836,0.594,0.366,-0.061,-0.671
-0.026,-0.850,0.594,-1.648,1.892,-0.732
-0.017,-0.849,0.598,-3.906,4.089,-0.305
-0.015,-0.850,0.594,-5.920,5.615,0.671
-0.019,-0.847,0.583,-7.629,6.714,1.770
-0.020,-0.841,0.580,-8.667,7.568,2.197
-0.016,-0.842,0.576,-9.216,8.240,2.441
-0.018,-0.848,0.574,-9.338,8.362,2.686
-0.022,-0.856,0.573,-9.766,7.812,3.418
-0.025,-0.859,0.567,-10.437,6.897,3.906
-0.031,-0.869,0.566,-10.986,5.737,4.211
-0.037,-0.851,0.555,-11.292,4.272,4.089
-0.037,-0.847,0.549,-11.047,2.808,4.211
-0.047,-0.836,0.551,-10.681,1.099,4.028
-0.060,-0.825,0.548,-10.071,-0.244,3.540
-0.070,-0.817,0.544,-9.155,-0.366,3.601
-0.072,-0.806,0.548,-7.874,0.427,3.174
-0.071,-0.797,0.549,-6.226,1.587,2.319
-0.056,-0.787,0.555,-5.066,2.930,1.343

1.043,1.791,-0.083,62.744,-37.537,-15.930
1.152,1.890,-0.090,67.383,-52.307,-17.639
1.191,1.972,-0.088,72.632,-66.162,-17.212
1.203,1.947,-0.079,78.430,-76.477,-13.977
1.154,1.840,-0.094,84.778,-83.191,-10.803
1.005,1.740,-0.101,89.478,-85.388,-9.155
0.810,1.615,-0.104,93.384,-81.604,-4.700
0.598,1.473,-0.102,96.497,-71.106,4.333
0.396,1.305,-0.084,98.511,-54.810,16.052
0.228,1.093,-0.052,98.145,-35.217,26.978
0.101,0.835,0.029,94.666,-14.648,37.109
0.007,0.573,0.158,88.196,0.183,46.814
-0.036,0.236,0.284,83.008,5.615,54.321
-0.061,-0.183,0.402,77.026,-0.427,60.913
-0.082,-0.634,0.495,67.383,-16.418,62.683
-0.105,-1.002,0.544,54.565,-40.588,53.467
-0.152,-1.359,0.555,40.833,-70.679,39.490
-0.219,-1.834,0.538,26.245,-104.004,32.043
-0.300,-2.464,0.543,14.038,-135.132,31.067
-0.464,-3.095,0.588,8.362,-155.518,35.156
-0.656,-3.583,0.781,15.259,-156.860,44.067
-0.841,-3.835,1.064,43.274,-135.132,47.729
-0.905,-3.758,1.412,95.703,-86.243,38.330
-0.792,-3.335,1.598,161.316,-23.376,15.442
-0.510,-2.918,1.689,219.421,37.598,-24.841
-0.112,-2.788,1.672,243.042,83.618,-69.641
0.200,-2.760,1.535,216.675,110.291,-103.577
0.496,-2.549,1.459,149.597,122.559,-121.521
0.725,-2.102,1.504,68.787,118.286,-119.934
0.893,-1.682,1.566,9.338,93.811,-105.835
0.980,-1.328,1.693,-12.390,52.917,-84.778
1.026,-1.060,1.737,-1.099,-2.625,-58.472
1.022,-1.090,1.594,25.940,-67.932,-32.776
0.939,-1.254,1.346,43.884,-129.883,-16.479
0.758,-1.369,1.081,40.466,-176.941,-9.827
0.522,-1.390,0.851,20.447,-203.064,-3.235
0.310,-1.407,0.649,-6.592,-207.336,11.108
-0.036,-1.475,0.422,-34.302,-192.383,29.480
-0.359,-1.443,0.389,-61.218,-157.104,44.556
-0.526,-1.443,0.396,-74.097,-112.122,54.016
-0.564,-1.450,0.431,-73.120,-68.726,53.040
-0.506,-1.492,0.489,-64.636,-35.706,44.067
-0.432,-1.590,0.528,-52.063,-15.503,30.396
-0.339,-1.736,0.587,-39.795,-2.747,15.320
-0.196,-1.896,0.624,-31.006,7.446,4.272
-0.036,-1.952,0.742,-28.992,17.273,-0.183
0.114,-1.842,0.703,-32.715,22.034,3.845
0.248,-1.664,0.699,-39.734,21.484,13.123
0.322,-1.444,0.646,-46.448,11.475,22.278
0.317,-1.235,0.610,-52.429,-6.775,32.837
0.200,-1.022,0.612,-55.969,-29.663,43.945
0.049,-0.893,0.581,-52.734,-52.551,54.749
-0.044,-0.901,0.649,-44.861,-69.153,67.200
-0.259,-0.709,0.601,-34.058,-80.688,68.909
-0.369,-0.545,0.695,-22.095,-82.275,60.852
-0.502,-0.491,0.727,-4.517,-78.125,44.434
-0.549,-0.532,0.762,12.146,-62.805,24.414
-0.508,-0.558,0.832,23.804,-37.842,3.235
-0.364,-0.616,0.907,30.457,-8.301,-16.113
-0.155,-0.652,0.975,32.959,17.883,-34.790
0.096,-0.649,1.044,33.386,35.400,-48.523
0.286,-0.633,1.063,31.799,40.039,-54.077
0.405,-0.607,1.062,27.588,36.194,-50.171
0.455,-0.569,1.044,22.522,27.649,-38.757
0.464,-0.549,0.997,18.372,17.029,-23.376
0.388,-0.506,0.977,15.564,6.287,-8.423
0.260,-0.499,0.953,15.930,-2.747,4.150
0.141,-0.565,0.931,18.738,-8.362,14.038
0.034,-0.631,0.918,20.447,-11.292,17.761
-0.072,-0.688,0.894,19.104,-12.695,15.320
-0.152,-0.735,0.836,14.893,-11.414,7.996
-0.179,-0.758,0.815,8.850,-6.165,-1.526
-0.197,-0.691,0.787,3.906,2.197,-10.559
-0.081,-0.732,0.700,2.075,10.620,-16.296
-0.047,-0.731,0.697,1.770,17.883,-21.179
-0.001,-0.687,0.710,0.916,22.705,-22.339
0.103,-0.729,0.698,2.075,23.010,-18.372
0.168,-0.704,0.723,3.540,18.372,-14.648
0.173,-0.675,0.740,5.432,8.301,-10.376
0.159,-0.688,0.746,7.446,-3.418,-4.944
0.107,-0.711,0.727,9.521,-13.672,-0.305
0.037,-0.703,0.718,9.583,-19.958,3.540
-0.008,-0.708,0.701,8.545,-21.667,7.385
-0.052,-0.707,0.671,6.409,-19.897,9.460
-0.120,-0.659,0.657,3.235,-15.930,9.827
-0.161,-0.618,0.662,1.221,-10.559,10.010
-0.174,-0.629,0.651,2.197,-6.470,9.644
-0.218,-0.617,0.648,4.211,-2.747,5.798
-0.237,-0.605,0.647,6.165,1.160,0.854
-0.220,-0.628,0.643,8.972,6.042,-4.028
-0.162,-0.616,0.669,10.742,11.597,-9.399
-0.062,-0.601,0.704,11.292,14.893,-12.390
0.031,-0.605,0.726,11.475,13.245,-13.245
0.087,-0.579,0.761,10.681,6.409,-12.329
0.099,-0.585,0.775,10.498,-3.540,-8.606
0.073,-0.601,0.787,11.230,-13.306,-4.028
0.030,-0.631,0.790,11.353,-20.630,-0.488
-0.017,-0.664,0.790,10.254,-24.597,1.648
-0.059,-0.681,0.785,8.545,-24.841,0.732
-0.082,-0.690,0.778,6.348,-22.156,-1.587
-0.082,-0.688,0.780,4.700,-17.029,-3.784
-0.076,-0.690,0.784,4.150,-11.108,-5.798
-0.056,-0.699,0.791,4.150,-5.432,-7.080
-0.041,-0.721,0.794,3.540,-0.366,-6.897
-0.039,-0.733,0.794,1.770,3.052,-6.165
-0.036,-0.733,0.792,-0.732,5.615,-6.226
-0.017,-0.718,0.793,-2.441,6.897,-6.470
0.002,-0.703,0.785,-2.747,5.798,-6.287
0.016,-0.688,0.785,-2.380,2.747,-5.127
0.016,-0.674,0.786,-1.465,-1.343,-3.540
0.001,-0.673,0.791,0.610,-5.493,-1.465
-0.038,-0.696,0.789,2.747,-8.972,1.343
-0.082,-0.718,0.793,3.784,-10.193,3.784
-0.142,-0.733,0.774,4.272,-9.094,4.089
-0.180,-0.735,0.767,2.930,-4.333,2.319
-0.192,-0.760,0.752,0.977,1.953,-0.244
-0.175,-0.757,0.751,-1.953,8.911,-3.479
-0.132,-0.755,0.740,-4.456,14.038,-6.287
-0.079,-0.728,0.743,-7.080,16.174,-8.789

0.577,1.720,-0.737,37.964,-35.950,21.973
0.508,1.844,-0.877,53.284,-41.992,17.090
0.416,1.864,-1.009,76.721,-48.218,13.123
0.327,1.833,-1.094,101.135,-55.603,16.113
0.214,1.797,-1.141,121.277,-65.002,25.146
0.049,1.718,-1.168,135.803,-75.562,36.987
-0.090,1.673,-1.136,144.287,-82.764,46.021
-0.188,1.626,-1.068,152.405,-84.839,46.875
-0.270,1.573,-0.986,163.879,-82.886,41.992
-0.299,1.478,-0.880,178.162,-80.078,35.889
-0.291,1.367,-0.748,193.726,-77.332,28.564
-0.262,1.210,-0.602,208.740,-76.538,22.461
-0.258,0.998,-0.454,217.957,-79.468,22.278
-0.170,0.702,-0.225,216.797,-83.984,30.762
-0.118,0.230,0.053,198.303,-90.332,54.260
-0.409,-0.431,0.278,158.447,-101.257,90.515
-0.873,-1.049,0.339,102.295,-99.670,107.971
-0.939,-1.712,0.507,39.673,-65.979,79.590
-0.571,-2.401,0.774,-33.447,-22.644,35.950
-0.102,-3.030,0.973,-114.685,-8.911,21.851
0.184,-3.450,1.250,-185.547,-33.203,41.565
0.083,-3.811,1.599,-219.360,-78.735,69.214
-0.092,-4.000,1.894,-201.721,-117.798,71.960
-0.299,-3.730,2.245,-128.723,-128.784,41.992
-0.511,-3.032,2.737,1.160,-115.784,2.197
-0.408,-2.645,2.949,169.861,-91.980,-37.170
-0.328,-2.923,2.986,320.007,-68.481,-84.656
-0.288,-3.591,2.867,396.606,-46.631,-132.385
-0.175,-4.000,2.705,376.160,-6.714,-180.298
0.011,-3.661,2.461,278.015,60.059,-225.342
0.413,-2.750,2.458,155.212,141.418,-245.605
1.109,-1.696,2.432,55.847,211.121,-241.028
1.628,-0.832,2.349,-3.418,239.868,-222.534
1.899,-0.409,2.267,-35.767,222.351,-180.603
1.875,-0.559,2.032,-53.467,163.635,-111.145
1.642,-0.847,1.795,-69.946,86.182,-30.334
1.257,-1.039,1.575,-88.196,4.700,45.532
0.724,-1.247,1.295,-99.243,-73.730,108.337
0.127,-1.495,1.060,-102.173,-139.282,149.597
-0.350,-1.840,0.838,-96.191,-185.730,162.598
-0.809,-2.058,0.577,-82.764,-208.984,146.118
-1.073,-2.183,0.418,-65.613,-200.195,111.694
-1.203,-2.137,0.356,-43.762,-161.316,66.956
-1.022,-2.089,0.404,-19.836,-100.342,27.954
-0.851,-1.910,0.397,-2.441,-33.508,-4.578
-0.478,-1.712,0.390,1.953,28.198,-24.048
-0.240,-1.397,0.456,-1.343,75.134,-35.461
0.084,-0.997,0.637,-5.066,103.210,-35.156
0.358,-0.712,0.762,2.441,101.868,-22.827
0.496,-0.516,0.894,15.625,73.303,-1.526
0.543,-0.470,0.975,32.532,25.391,25.940
0.419,-0.538,0.994,49.561,-29.602,53.772
0.175,-0.640,0.928,60.974,-79.224,73.853
-0.126,-0.636,0.953,63.965,-111.633,82.581
-0.305,-0.797,0.842,64.514,-127.258,84.839
-0.553,-0.790,0.844,57.495,-121.521,72.327
-0.663,-0.728,0.845,46.509,-100.098,56.580
-0.630,-0.797,0.811,37.781,-68.726,40.710
-0.587,-0.739,0.843,28.076,-33.936,18.616
-0.474,-0.703,0.843,20.081,-4.517,-1.404
-0.355,-0.656,0.831,13.855,17.761,-17.639
-0.201,-0.614,0.829,9.521,31.921,-28.809
-0.091,-0.576,0.789,7.751,37.537,-35.461
-0.014,-0.507,0.779,5.981,37.292,-37.292
0.056,-0.473,0.742,7.080,31.189,-33.508
0.111,-0.467,0.719,10.071,21.423,-25.879
0.140,-0.449,0.730,13.733,8.118,-15.808
0.073,-0.458,0.713,19.165,-6.714,-6.348
0.031,-0.514,0.719,23.926,-19.104,2.197
-0.033,-0.571,0.746,28.259,-29.114,9.949
-0.095,-0.595,0.777,29.419,-35.400,14.038
-0.182,-0.599,0.742,30.151,-38.269,14.038
-0.203,-0.647,0.830,28.931,-35.889,11.536
-0.221,-0.776,0.781,28.625,-31.250,5.554
-0.272,-0.725,0.797,23.987,-22.644,-4.639
-0.277,-0.765,0.754,17.517,-12.207,-10.681
-0.252,-0.771,0.734,11.719,1.709,-17.273
-0.210,-0.719,0.734,6.836,16.602,-24.841
-0.137,-0.715,0.724,4.395,28.381,-29.297
-0.059,-0.707,0.753,2.991,35.339,-31.616
0.049,-0.718,0.762,2.747,35.034,-30.823
0.059,-0.696,0.751,2.380,28.259,-29.480
0.052,-0.664,0.751,1.892,19.775,-26.184
0.038,-0.659,0.729,3.357,11.475,-21.057
0.010,-0.653,0.717,5.188,4.822,-15.930
-0.020,-0.659,0.716,6.531,0.732,-11.047
-0.039,-0.677,0.731,6.531,-1.587,-6.348
-0.049,-0.677,0.742,5.249,-3.967,-3.296
-0.080,-0.669,0.741,3.662,-6.897,-1.831
-0.104,-0.654,0.720,1.587,-9.155,-1.221
-0.112,-0.634,0.709,0.122,-9.766,-1.648
-0.105,-0.614,0.704,-0.305,-9.888,-2.686
-0.091,-0.604,0.701,0.183,-10.254,-3.174
-0.069,-0.600,0.695,2.075,-12.024,-3.052
-0.052,-0.598,0.692,4.517,-15.320,-1.953
-0.041,-0.587,0.695,6.958,-19.714,0.305
-0.039,-0.594,0.688,10.620,-24.841,3.174
-0.036,-0.623,0.682,14.099,-29.602,5.615
-0.043,-0.637,0.691,15.747,-33.875,7.263
-0.045,-0.645,0.703,16.846,-37.048,8.606
-0.041,-0.651,0.721,17.151,-39.795,10.986
-0.044,-0.667,0.734,16.907,-42.542,13.794
-0.067,-0.664,0.747,16.235,-45.166,16.724
-0.092,-0.661,0.765,15.137,-46.387,19.409
-0.125,-0.688,0.749,14.709,-45.959,20.569
-0.154,-0.681,0.791,13.245,-42.786,18.555
-0.163,-0.721,0.778,11.597,-37.720,15.991
-0.150,-0.707,0.790,9.521,-30.884,12.939
-0.172,-0.704,0.768,6.531,-23.621,10.986
-0.164,-0.701,0.779,2.380,-15.015,10.620
-0.161,-0.697,0.793,0.549,-7.080,8.972
-0.145,-0.709,0.807,-1.099,-1.892,7.202
-0.137,-0.718,0.811,-3.845,0.183,6.226
-0.121,-0.695,0.812,-7.568,-0.732,6.592
-0.127,-0.670,0.792,-10.071,-4.517,7.751
-0.151,-0.650,0.771,-10.559,-8.240,7.874
-0.186,-0.641,0.756,-10.132,-10.498,7.996
-0.219,-0.638,0.751,-8.484,-10.315,6.958
-0.240,-0.632,0.752,-6.714,-7.996,4.578

-0.379,-2.662,0.494,-72.815,-117.371,28.015
-0.286,-2.951,0.829,-21.851,-99.060,3.723
-0.137,-3.306,1.292,70.374,-73.242,-26.733
0.082,-3.664,1.775,189.941,-48.340,-57.434
0.316,-3.948,2.150,296.509,-28.503,-79.773
0.441,-3.987,2.379,349.121,-19.287,-90.637
0.404,-3.885,2.454,340.271,-20.508,-95.276
0.264,-3.523,2.358,281.616,-20.020,-105.469
0.140,-3.032,2.139,199.219,-6.165,-123.230
0.089,-2.539,1.898,116.577,22.095,-138.733
0.201,-1.998,1.702,53.040,58.960,-146.240
0.463,-1.491,1.631,22.522,93.262,-145.752
0.870,-1.121,1.655,22.644,110.474,-134.155
1.250,-1.159,1.699,35.645,97.412,-110.291
1.375,-1.520,1.712,44.861,53.406,-80.994
1.255,-1.954,1.601,43.823,-3.052,-53.589
0.973,-2.275,1.407,35.706,-51.941,-33.386
0.696,-2.519,1.262,24.658,-81.299,-18.677
0.399,-2.666,1.087,10.437,-89.661,0.549
0.208,-2.556,0.936,-12.512,-80.811,26.733
0.073,-2.187,0.766,-38.635,-64.270,48.950
0.003,-1.804,0.649,-59.143,-46.692,62.378
-0.060,-1.415,0.485,-66.284,-37.354,66.040
0.010,-1.241,0.535,-66.223,-31.860,66.162
-0.031,-0.866,0.482,-57.251,-39.185,56.213
0.025,-0.712,0.508,-43.274,-56.030,55.420
-0.053,-0.728,0.464,-23.254,-77.759,56.946
-0.153,-0.621,0.538,-8.484,-90.393,51.880
-0.228,-0.639,0.518,6.470,-96.558,46.692
-0.317,-0.594,0.583,15.015,-91.492,37.109
-0.322,-0.627,0.591,19.836,-78.552,27.832
-0.326,-0.637,0.641,19.836,-57.678,17.395
-0.222,-0.663,0.703,15.381,-33.752,9.949
-0.138,-0.681,0.723,7.263,-13.123,6.653
-0.012,-0.650,0.770,-3.479,0.732,5.005
0.056,-0.567,0.785,-10.986,6.042,3.357
0.068,-0.475,0.775,-13.428,4.700,5.066
0.077,-0.452,0.781,-10.010,1.526,9.338
0.068,-0.430,0.737,-1.770,-1.892,11.353
0.072,-0.481,0.750,7.568,-4.761,14.587
0.020,-0.529,0.744,15.503,-6.104,16.846
-0.039,-0.582,0.748,20.020,-4.578,18.005
-0.064,-0.668,0.762,21.606,0.183,17.212
-0.074,-0.722,0.791,19.287,5.981,13.306
-0.027,-0.760,0.834,12.878,10.254,8.850
0.011,-0.780,0.852,5.188,9.949,3.784
0.040,-0.760,0.862,-1.709,4.578,-1.099
0.052,-0.765,0.837,-5.249,-3.723,-3.662
0.049,-0.769,0.802,-5.920,-11.414,-5.798
0.031,-0.755,0.775,-5.066,-16.174,-8.057
0.008,-0.723,0.747,-1.953,-17.212,-9.216
-0.010,-0.742,0.687,2.808,-13.367,-8.606
-0.024,-0.719,0.686,6.775,-5.249,-9.644
-0.012,-0.706,0.694,9.949,4.395,-11.230
0.008,-0.696,0.698,12.085,13.367,-11.536
0.049,-0.659,0.730,12.085,19.958,-10.559
0.081,-0.661,0.725,11.902,22.949,-7.935
0.090,-0.618,0.768,11.169,22.949,-6.287
0.125,-0.630,0.785,10.925,18.311,-4.333
0.104,-0.634,0.790,10.376,9.705,-3.357
0.068,-0.598,0.789,7.324,0.427,-3.052
0.038,-0.608,0.757,5.737,-7.446,-1.343
0.012,-0.601,0.748,3.540,-11.353,0.671
0.006,-0.599,0.741,2.563,-13.367,2.747
0.003,-0.625,0.727,2.625,-14.465,3.723
0.002,-0.649,0.731,2.686,-14.771,3.235
-0.024,-0.648,0.742,2.991,-14.343,2.563
-0.017,-0.681,0.740,2.930,-12.634,2.869
-0.018,-0.740,0.723,2.075,-10.010,2.991
-0.031,-0.712,0.763,-0.305,-6.897,1.221
0.010,-0.735,0.751,-1.343,-5.005,0.549
0.026,-0.766,0.747,-2.808,-3.540,-0.244
0.040,-0.738,0.758,-5.249,-2.625,-1.953
0.042,-0.729,0.751,-6.531,-3.296,-2.747
0.050,-0.711,0.735,-6.775,-3.418,-2.930
0.045,-0.685,0.722,-5.859,-3.174,-3.052
0.053,-0.687,0.708,-4.761,-2.563,-2.319
0.038,-0.686,0.694,-4.211,-1.587,-0.854
0.018,-0.665,0.688,-4.272,0.244,-0.732
0.003,-0.657,0.683,-4.028,2.625,-1.038
0.011,-0.652,0.687,-3.845,5.310,-1.282
0.007,-0.647,0.687,-3.357,6.836,-2.136
0.019,-0.646,0.689,-3.113,7.446,-2.502
0.021,-0.638,0.692,-2.869,6.897,-2.441
0.011,-0.597,0.724,-2.075,5.432,-2.380
0.051,-0.664,0.702,-0.488,3.357,-0.732
-0.017,-0.623,0.713,0.000,1.953,-1.160
0.010,-0.615,0.723,0.366,1.038,-0.854
0.011,-0.634,0.731,1.953,-0.305,-0.549
0.015,-0.629,0.752,1.282,-1.282,-0.854
0.010,-0.634,0.751,1.038,-2.930,-1.709
-0.002,-0.628,0.752,0.427,-4.211,-2.747
-0.012,-0.615,0.746,-0.793,-4.272,-3.662
-0.009,-0.615,0.747,-0.977,-3.601,-4.700
-0.010,-0.606,0.741,-1.404,-2.563,-5.798
0.006,-0.609,0.751,-2.014,-1.648,-5.371
0.040,-0.612,0.761,-1.953,-2.319,-4.517
0.047,-0.615,0.756,-2.197,-4.883,-3.723
0.025,-0.621,0.745,-2.380,-7.874,-3.235
0.007,-0.621,0.738,-2.258,-9.277,-2.808
-0.005,-0.638,0.720,-1.465,-8.667,-2.869
-0.016,-0.624,0.723,-1.099,-5.737,-3.540
-0.000,-0.635,0.723,-0.427,-2.075,-3.906
0.030,-0.644,0.742,-0.244,0.977,-3.662
0.071,-0.646,0.766,-0.977,1.282,-3.418
0.092,-0.652,0.771,-1.892,-1.831,-2.869
0.089,-0.659,0.767,-3.113,-6.897,-1.038
0.069,-0.669,0.759,-4.395,-11.841,0.916
0.037,-0.672,0.748,-5.310,-14.954,1.831
0.015,-0.672,0.744,-6.531,-15.625,2.197
-0.002,-0.666,0.735,-7.385,-14.099,1.587
-0.011,-0.657,0.732,-7.812,-11.047,0.305
-0.009,-0.645,0.736,-7.690,-7.996,-0.916
0.001,-0.635,0.750,-6.775,-5.371,-1.831
0.014,-0.635,0.756,-5.432,-4.272,-2.136
0.017,-0.644,0.767,-4.639,-4.028,-1.770
0.013,-0.664,0.778,-4.333,-4.272,-0.610
0.007,-0.680,0.785,-4.761,-4.456,1.099
-0.001,-0.684,0.784,-6.104,-3.845,2.380

-0.762,-2.198,0.752,14.038,-164.185,53.955
-0.759,-2.641,0.996,-2.563,-149.658,26.245
-0.472,-2.972,1.313,4.028,-116.577,-5.310
-0.111,-3.173,1.644,45.227,-72.571,-51.147
0.344,-3.206,2.126,116.943,-19.775,-113.953
0.755,-3.281,2.369,205.811,22.705,-183.350
0.897,-3.379,2.385,273.315,51.392,-239.502
1.028,-3.586,2.239,290.649,74.036,-261.902
1.178,-3.461,2.089,259.521,98.206,-257.935
1.338,-2.812,2.044,200.867,119.934,-244.324
1.431,-1.973,2.059,147.339,128.235,-223.999
1.570,-1.242,2.148,117.981,115.967,-189.026
1.693,-0.695,2.255,110.413,77.148,-136.169
1.661,-0.479,2.293,116.943,8.789,-72.571
1.386,-0.759,2.117,125.610,-79.773,-13.123
0.885,-1.214,1.784,122.437,-166.992,27.954
0.289,-1.625,1.440,100.647,-230.408,50.232
-0.253,-1.971,1.113,65.918,-258.484,62.134
-0.632,-2.150,0.819,23.132,-251.770,66.223
-0.867,-2.096,0.535,-20.874,-218.140,60.608
-0.958,-1.894,0.343,-57.495,-168.213,48.279
-0.885,-1.694,0.242,-80.017,-114.014,33.386
-0.730,-1.579,0.221,-85.632,-63.538,16.724
-0.521,-1.545,0.278,-74.036,-22.644,-1.160
-0.318,-1.568,0.387,-50.171,5.554,-18.494
-0.094,-1.631,0.530,-19.531,24.780,-33.081
-0.089,-1.506,0.724,10.010,38.757,-42.419
0.253,-1.561,0.763,31.067,46.448,-34.851
0.237,-1.505,0.899,41.016,47.546,-21.851
0.266,-1.355,0.873,33.936,47.791,-4.639
0.201,-1.092,1.039,21.973,46.448,10.498
0.277,-1.022,1.022,13.123,35.889,26.733
0.176,-0.959,0.991,5.554,20.569,32.227
0.100,-0.748,1.012,-3.906,3.540,29.846
0.061,-0.640,0.959,-6.104,-16.113,27.588
0.054,-0.614,0.910,-6.287,-31.982,24.719
-0.080,-0.517,0.813,-5.737,-39.978,16.479
-0.025,-0.355,0.862,-4.211,-37.842,11.963
-0.021,-0.511,0.731,5.859,-33.936,13.977
0.006,-0.426,0.919,9.094,-20.386,10.071
0.076,-0.530,0.874,14.771,-10.498,7.812
0.070,-0.524,0.941,14.587,-2.625,5.676
0.140,-0.548,0.962,9.338,1.587,6.897
0.126,-0.529,0.972,4.700,1.465,7.324
0.154,-0.498,0.974,-1.160,-1.343,8.057
0.109,-0.515,0.959,-2.808,-6.226,9.033
0.093,-0.541,0.959,-4.395,-9.705,9.583
0.104,-0.605,0.936,-5.676,-13.000,10.620
0.106,-0.652,0.907,-9.277,-16.174,9.888
0.093,-0.654,0.869,-13.428,-18.005,6.897
0.088,-0.654,0.832,-16.541,-17.273,4.333
0.100,-0.653,0.798,-18.127,-14.099,2.869
0.126,-0.660,0.773,-18.250,-9.583,1.892
0.143,-0.647,0.754,-17.517,-4.456,0.977
0.156,-0.632,0.751,-15.808,0.977,0.427
0.159,-0.632,0.745,-12.512,6.470,0.977
0.148,-0.654,0.720,-9.827,12.390,2.258
0.138,-0.648,0.731,-8.118,18.738,2.930
0.136,-0.649,0.712,-7.385,24.231,2.991
0.138,-0.631,0.699,-8.423,28.809,2.808
0.166,-0.622,0.704,-10.132,32.227,3.418
0.217,-0.588,0.725,-12.146,32.837,5.737
0.266,-0.545,0.740,-14.038,27.954,9.888
0.268,-0.518,0.735,-15.137,17.273,13.794
0.241,-0.488,0.736,-15.442,3.540,17.700
0.187,-0.475,0.721,-14.526,-9.338,21.545
0.120,-0.452,0.720,-12.634,-19.287,25.146
0.062,-0.480,0.698,-10.010,-25.269,28.381
0.017,-0.470,0.722,-8.362,-26.306,29.907
-0.004,-0.478,0.751,-6.897,-25.085,30.334
-0.016,-0.499,0.770,-5.005,-22.827,29.053
-0.037,-0.510,0.793,-4.395,-19.958,25.452
-0.040,-0.537,0.800,-3.906,-17.029,21.057
-0.040,-0.552,0.806,-4.456,-13.306,16.541
-0.022,-0.553,0.818,-6.104,-9.033,12.451
-0.001,-0.567,0.819,-7.629,-5.127,9.399
0.022,-0.555,0.828,-9.827,-1.953,6.714
0.037,-0.553,0.823,-11.414,0.000,4.639
0.051,-0.538,0.844,-12.268,1.282,3.235
0.064,-0.506,0.861,-12.817,2.808,2.441
0.139,-0.585,0.793,-12.451,2.625,3.540
0.153,-0.501,0.880,-13.184,1.465,3.540
0.148,-0.542,0.820,-12.573,-2.136,5.798
0.128,-0.502,0.825,-13.489,-3.845,7.446
0.121,-0.517,0.811,-13.245,-4.822,9.033
0.115,-0.521,0.808,-12.878,-4.883,9.521
0.043,-0.528,0.785,-13.123,-3.662,9.155
-0.014,-0.536,0.763,-14.526,1.648,7.324
-0.040,-0.544,0.773,-15.198,11.902,4.211
-0.009,-0.533,0.799,-16.113,23.376,0.305
0.053,-0.519,0.838,-16.663,31.982,-3.296
0.114,-0.510,0.856,-16.907,34.302,-5.676
0.158,-0.520,0.867,-17.456,30.579,-5.798
0.189,-0.501,0.878,-19.287,23.132,-4.272
0.192,-0.494,0.876,-20.874,13.794,-2.075
0.177,-0.508,0.880,-21.240,5.737,0.427
0.159,-0.532,0.890,-22.461,0.549,4.395
0.155,-0.517,0.897,-26.001,-0.977,9.399
0.154,-0.490,0.908,-30.090,-1.282,14.038
0.151,-0.466,0.907,-32.227,-2.014,16.235
0.127,-0.440,0.898,-31.494,-3.296,15.259
0.109,-0.416,0.898,-28.687,-4.028,13.245
0.103,-0.420,0.890,-23.926,-3.723,12.024
0.104,-0.427,0.892,-19.897,-2.808,11.658
0.111,-0.428,0.900,-16.846,-1.831,11.475
0.109,-0.425,0.892,-13.977,-1.343,10.864
0.114,-0.417,0.888,-12.024,-0.793,9.949
0.120,-0.414,0.889,-9.338,-0.305,8.667
0.127,-0.428,0.893,-6.409,-0.305,7.385
0.130,-0.444,0.896,-3.357,-0.916,6.897
0.127,-0.460,0.896,-1.282,-1.892,6.653
0.126,-0.474,0.899,-0.061,-2.747,6.470
0.119,-0.488,0.888,-0.366,-3.235,6.775
0.125,-0.497,0.888,-2.075,-2.441,6.958
0.141,-0.496,0.891,-3.601,-1.221,7.080
0.154,-0.499,0.885,-5.371,-0.244,7.263
0.153,-0.485,0.877,-7.751,0.366,7.202
0.148,-0.476,0.870,-9.827,0.488,7.385
0.152,-0.463,0.875,-11.597,0.732,8.118

1.093,1.879,-0.020,39.551,-35.706,15.503
1.105,1.955,-0.087,39.734,-66.711,29.907
0.995,1.994,-0.157,32.593,-95.154,46.997
0.707,2.076,-0.263,16.479,-116.150,64.392
0.294,2.155,-0.404,-8.057,-122.864,80.750
-0.179,2.132,-0.519,-35.339,-107.483,92.773
-0.570,2.052,-0.575,-61.035,-68.848,95.520
-0.804,1.930,-0.574,-79.834,-15.442,84.839
-0.776,1.711,-0.491,-85.083,39.063,64.880
-0.501,1.363,-0.339,-78.430,73.059,44.678
-0.134,1.023,-0.123,-62.256,64.880,22.705
0.205,0.643,0.082,-35.217,13.184,-3.479
0.386,0.185,0.192,-7.446,-66.284,-14.771
0.358,-0.438,0.199,5.188,-153.748,2.075
0.149,-1.166,0.183,0.061,-223.694,32.959
-0.234,-1.829,0.302,-14.160,-258.545,58.960
-0.532,-2.391,0.655,-20.996,-259.399,75.928
-0.787,-2.938,1.077,-4.639,-236.267,80.322
-1.016,-3.354,1.457,43.396,-192.871,59.143
-1.106,-3.540,1.845,116.577,-131.409,14.526
-1.037,-3.673,2.204,206.665,-61.768,-42.236
-0.879,-3.862,2.382,287.415,6.531,-102.478
-0.667,-3.971,2.384,328.247,69.397,-159.119
-0.384,-3.644,2.258,318.298,128.662,-206.604
0.100,-3.191,2.052,266.785,185.059,-241.333
0.598,-2.709,1.679,190.247,235.168,-265.076
0.958,-2.072,1.554,104.858,273.315,-269.836
1.450,-1.359,1.583,35.889,282.837,-240.112
1.821,-0.759,1.709,-0.244,250.366,-185.669
2.004,-0.392,1.874,-4.395,173.828,-118.164
1.893,-0.516,1.783,12.451,57.251,-44.922
1.533,-0.914,1.551,31.372,-69.458,15.259
1.010,-1.243,1.244,39.551,-178.467,54.321
0.444,-1.488,0.968,34.973,-251.221,75.989
-0.093,-1.642,0.737,23.560,-281.738,84.351
-0.480,-1.755,0.621,10.925,-273.499,83.984
-0.718,-1.884,0.470,-0.793,-237.305,73.425
-0.819,-1.803,0.455,-15.747,-179.687,50.232
-0.693,-1.617,0.438,-29.907,-116.028,27.161
-0.469,-1.432,0.452,-37.659,-58.777,7.935
-0.208,-1.299,0.446,-39.124,-15.808,-4.211
0.031,-1.086,0.515,-37.720,11.169,-13.306
0.193,-0.902,0.566,-30.945,20.386,-15.808
0.282,-0.771,0.629,-20.630,15.137,-9.216
0.302,-0.701,0.668,-7.812,0.122,3.540
0.260,-0.671,0.723,6.104,-17.639,18.127
0.178,-0.716,0.780,20.386,-34.485,32.532
0.070,-0.820,0.837,32.043,-46.570,45.776
-0.031,-0.977,0.892,38.086,-52.734,52.673
-0.152,-1.071,0.916,37.048,-51.453,47.791
-0.260,-1.151,0.857,29.358,-42.297,33.569
-0.224,-1.167,0.912,15.930,-23.926,16.663
-0.256,-1.271,0.770,2.991,-2.686,3.174
-0.185,-1.202,0.794,-10.681,24.597,-9.521
-0.073,-1.229,0.760,-16.052,47.058,-16.724
0.013,-1.270,0.841,-14.221,66.956,-22.827
0.171,-1.256,0.755,-8.911,77.515,-30.457
0.234,-1.142,0.787,-2.869,79.712,-35.645
0.322,-1.089,0.786,1.526,75.073,-31.921
0.370,-0.977,0.799,4.089,65.308,-23.743
0.426,-0.881,0.826,3.906,50.842,-13.245
0.442,-0.734,0.839,3.601,32.166,-4.150
0.441,-0.599,0.862,3.418,9.033,9.460
0.445,-0.742,0.842,6.714,-17.456,24.780
0.257,-0.662,0.828,7.996,-43.091,27.222
0.103,-0.590,0.799,6.287,-61.646,28.687
-0.036,-0.613,0.747,7.568,-70.129,31.128
-0.122,-0.604,0.735,9.094,-68.359,31.006
-0.174,-0.600,0.718,10.437,-58.899,27.954
-0.206,-0.611,0.703,11.292,-45.044,22.400
-0.226,-0.602,0.695,10.498,-27.771,13.977
-0.219,-0.573,0.693,9.277,-8.484,5.249
-0.151,-0.582,0.696,8.972,10.803,-0.977
-0.061,-0.610,0.697,9.155,27.832,-5.066
0.021,-0.597,0.735,7.629,40.039,-8.728
0.106,-0.604,0.746,6.287,44.739,-8.667
0.161,-0.615,0.764,5.432,42.664,-5.981
0.167,-0.596,0.784,4.700,35.461,-2.686
0.181,-0.608,0.801,5.798,25.696,2.014
0.195,-0.678,0.800,8.850,14.648,6.958
0.149,-0.686,0.844,9.277,4.517,9.705
0.138,-0.756,0.814,8.789,-4.211,12.390
0.077,-0.756,0.804,7.141,-10.071,12.390
0.040,-0.788,0.784,2.991,-12.634,12.512
0.032,-0.819,0.757,-0.977,-11.353,11.597
0.022,-0.808,0.758,-4.944,-6.958,8.606
0.026,-0.776,0.735,-8.972,-0.610,5.432
0.027,-0.744,0.713,-10.681,6.592,3.174
0.060,-0.709,0.711,-11.292,14.526,2.441
0.108,-0.679,0.713,-10.437,20.813,2.869
0.138,-0.626,0.729,-8.850,23.010,3.662
0.163,-0.591,0.747,-6.714,21.362,4.883
0.168,-0.570,0.741,-4.150,16.418,6.531
0.177,-0.550,0.769,-1.770,9.033,8.911
0.167,-0.549,0.776,0.916,-0.183,11.597
0.140,-0.537,0.782,2.747,-9.705,14.221
0.093,-0.539,0.773,4.578,-18.738,16.724
0.052,-0.541,0.777,5.676,-25.085,17.883
0.017,-0.559,0.783,7.263,-29.114,17.212
0.001,-0.583,0.799,8.911,-30.823,15.869
-0.002,-0.609,0.818,10.010,-31.433,14.038
-0.009,-0.645,0.828,10.132,-32.654,12.085
-0.001,-0.672,0.834,8.850,-33.691,9.338
0.011,-0.677,0.827,6.287,-34.729,6.775
0.001,-0.670,0.798,3.113,-35.950,3.723
-0.017,-0.658,0.758,0.732,-34.668,0.610
-0.026,-0.648,0.743,-0.366,-29.236,-1.526
-0.026,-0.648,0.744,0.122,-20.996,-2.808
0.002,-0.646,0.760,1.526,-11.902,-3.174
0.039,-0.665,0.783,3.052,-5.371,-3.113
0.066,-0.659,0.807,3.845,-2.686,-3.235
0.084,-0.667,0.813,5.127,-3.906,-3.235
0.078,-0.676,0.806,5.432,-7.385,-3.174
0.062,-0.674,0.792,5.005,-10.437,-3.174
0.035,-0.680,0.769,4.211,-11.841,-3.174
0.018,-0.683,0.760,2.014,-9.888,-3.174
0.018,-0.681,0.747,-0.488,-6.165,-2.930
0.020,-0.664,0.737,-3.784,-1.526,-2.380
0.030,-0.635,0.737,-6.775,2.869,-1.709

0.999,1.774,-0.174,61.707,-68.542,-36.926
1.073,1.784,-0.293,54.321,-93.933,-31.067
1.043,1.758,-0.464,43.335,-118.835,-20.081
0.883,1.802,-0.666,29.358,-138.245,-5.310
0.630,1.916,-0.840,15.015,-146.667,12.756
0.377,1.964,-1.004,8.179,-142.090,33.691
0.145,1.970,-1.130,8.606,-124.451,54.565
-0.078,1.987,-1.188,12.695,-99.060,73.303
-0.225,2.004,-1.176,19.348,-73.242,88.745
-0.331,1.975,-1.124,34.790,-49.438,92.896
-0.419,1.940,-0.998,61.890,-25.879,80.261
-0.412,1.814,-0.755,98.816,-2.258,54.993
-0.390,1.475,-0.406,139.404,16.418,28.564
-0.333,0.784,0.206,167.725,29.175,18.921
-0.079,-0.401,0.906,161.865,29.907,49.927
0.140,-1.732,1.638,114.136,8.606,104.797
0.198,-2.640,2.036,31.494,-39.917,141.663
0.029,-3.009,2.135,-57.312,-99.976,145.081
-0.176,-3.024,2.000,-125.549,-152.771,132.263
-0.350,-2.990,1.834,-154.785,-190.186,113.831
-0.480,-3.039,1.797,-133.179,-207.031,87.158
-0.468,-3.137,1.898,-57.251,-207.947,48.157
-0.420,-3.122,2.069,76.416,-194.092,-15.747
-0.236,-3.302,2.323,244.324,-162.842,-101.196
-0.080,-3.849,2.410,408.203,-121.399,-191.162
0.340,-4.000,2.350,509.277,-64.148,-266.479
0.800,-4.000,2.007,514.282,8.118,-317.566
1.155,-3.496,1.802,449.951,84.106,-325.378
1.628,-2.777,1.758,354.614,143.066,-280.212
2.082,-1.833,1.891,254.517,167.603,-206.787
2.186,-1.197,1.961,170.471,146.484,-123.291
1.834,-1.070,1.962,105.347,84.045,-38.147
1.229,-1.290,1.758,51.697,-1.465,43.274
0.496,-1.554,1.461,-2.136,-81.299,104.736
-0.207,-1.701,1.170,-57.800,-136.475,132.935
-0.624,-1.833,0.820,-109.192,-163.086,133.118
-0.956,-1.912,0.386,-152.100,-163.330,109.131
-1.143,-1.682,0.194,-187.927,-138.733,74.280
-1.086,-1.401,0.026,-205.017,-105.835,47.974
-0.921,-1.223,-0.047,-199.280,-68.542,29.175
-0.638,-1.120,-0.010,-175.293,-33.691,11.719
-0.363,-1.018,0.074,-138.062,-10.254,-4.333
-0.138,-1.060,0.195,-91.797,-1.038,-14.465
0.060,-1.253,0.321,-41.565,-1.831,-19.165
0.165,-1.512,0.413,4.272,-9.399,-21.606
0.146,-1.694,0.436,35.645,-18.005,-22.339
0.029,-1.718,0.393,51.208,-18.921,-19.714
-0.135,-1.521,0.351,54.626,-5.188,-13.489
-0.037,-1.484,0.408,52.124,20.264,-2.625
-0.141,-1.094,0.504,48.584,47.058,1.404
-0.013,-0.952,0.786,47.241,70.862,14.954
0.124,-0.919,0.829,53.711,74.341,21.790
0.160,-0.925,1.048,56.580,67.627,19.958
0.170,-0.864,1.022,55.115,42.053,10.132
0.101,-0.814,1.031,49.500,13.977,0.488
0.024,-0.809,0.940,40.161,-8.484,-4.395
0.005,-0.783,0.865,28.259,-18.311,-8.667
-0.029,-0.688,0.798,16.113,-21.057,-11.597
0.028,-0.642,0.753,6.409,-17.151,-8.606
0.080,-0.639,0.709,1.648,-11.108,-5.371
0.080,-0.608,0.697,0.305,-4.456,-4.822
0.080,-0.552,0.708,2.319,1.526,-5.615
0.101,-0.574,0.715,7.019,4.272,-3.662
0.117,-0.621,0.735,12.146,3.418,-1.038
0.112,-0.631,0.759,15.869,-0.793,0.793
0.088,-0.657,0.763,18.616,-7.507,2.747
0.071,-0.686,0.767,19.897,-13.733,3.723
0.042,-0.699,0.769,20.264,-18.250,3.174
0.044,-0.729,0.776,18.738,-19.836,3.052
0.032,-0.753,0.772,16.113,-19.653,2.930
0.009,-0.755,0.775,12.207,-17.883,3.113
-0.010,-0.784,0.773,8.728,-14.587,3.906
-0.021,-0.801,0.780,5.310,-9.521,2.625
-0.015,-0.793,0.776,3.296,-4.272,-0.610
0.010,-0.786,0.774,1.709,0.122,-3.113
0.033,-0.796,0.761,0.854,3.113,-4.761
0.042,-0.795,0.748,0.977,6.104,-6.958
0.041,-0.775,0.723,1.282,9.521,-8.545
0.051,-0.759,0.730,1.709,14.221,-8.240
0.121,-0.758,0.728,4.211,18.555,-6.653
0.159,-0.753,0.725,6.836,21.790,-5.127
0.156,-0.704,0.782,8.118,23.987,-2.991
0.212,-0.757,0.793,10.071,21.729,1.038
0.176,-0.753,0.825,10.559,16.785,2.563
0.138,-0.692,0.822,7.324,11.536,4.150
0.066,-0.713,0.796,4.150,7.080,7.568
0.003,-0.684,0.769,-1.221,8.179,9.155
-0.012,-0.676,0.751,-6.104,12.939,9.033
0.012,-0.659,0.746,-10.376,18.921,7.202
0.055,-0.636,0.751,-13.611,22.461,5.432
0.103,-0.596,0.760,-16.113,21.912,4.456
0.138,-0.565,0.755,-16.541,16.174,4.944
0.141,-0.558,0.750,-15.686,7.690,6.531
0.132,-0.526,0.747,-13.428,-1.099,8.301
0.122,-0.533,0.747,-9.644,-9.766,10.681
0.097,-0.557,0.748,-5.554,-17.761,12.878
0.060,-0.578,0.750,-2.319,-23.437,13.611
0.024,-0.604,0.741,0.000,-25.513,13.184
-0.016,-0.617,0.735,0.793,-23.682,12.146
-0.029,-0.633,0.735,-0.305,-18.372,11.169
-0.015,-0.648,0.740,-2.197,-11.414,9.766
0.006,-0.650,0.752,-4.150,-5.188,7.690
0.033,-0.630,0.781,-5.249,-0.977,5.920
0.058,-0.643,0.781,-5.615,0.977,4.944
0.068,-0.646,0.779,-5.981,1.099,3.845
0.067,-0.615,0.794,-6.165,-0.122,2.380
0.077,-0.631,0.779,-5.676,-1.953,2.258
0.068,-0.620,0.773,-5.371,-2.686,1.465
0.050,-0.593,0.762,-4.700,-2.502,0.366
0.044,-0.594,0.752,-4.028,-0.793,0.488
0.057,-0.608,0.750,-2.747,2.258,1.160
0.088,-0.615,0.760,-2.258,4.639,1.709
0.117,-0.621,0.770,-2.808,4.700,2.747
0.122,-0.612,0.787,-3.784,2.014,3.723
0.113,-0.612,0.795,-3.845,-2.686,4.700
0.102,-0.624,0.798,-3.967,-7.751,6.042
0.087,-0.627,0.792,-4.639,-12.146,7.141
0.022,-0.639,0.748,-6.042,-15.625,7.874
-0.058,-0.631,0.706,-7.751,-13.489,7.263

