aX,aY,aZ,gX,gY,gZ
-0.345,-4.000,4.000,396.790,306.946,-247.009
4.000,-4.000,4.000,105.530,237.488,-233.032
2.376,-1.360,3.191,-207.703,130.920,168.579
1.193,0.694,1.557,-346.497,168.213,175.781
0.713,0.151,0.560,-307.678,138.123,93.262
0.225,-0.075,-0.025,-248.962,75.317,62.683
0.068,-0.419,-0.045,-229.980,26.794,73.181
0.093,-0.586,-0.017,-231.628,-16.785,72.571
0.201,-0.366,-0.191,-234.375,-65.430,67.078
0.232,-0.481,-0.371,-222.473,-79.712,82.031
-0.019,-0.356,-0.333,-206.238,-56.946,68.787
-0.031,-0.123,-0.171,-192.139,-26.062,55.420
0.059,0.076,-0.152,-174.683,-16.113,60.364
0.123,0.084,-0.078,-158.447,-13.184,67.444
0.080,0.026,-0.048,-145.325,-13.916,72.083
-0.030,0.042,-0.080,-134.888,-12.207,75.378
-0.088,0.099,-0.103,-123.108,-4.578,78.064
-0.060,0.166,-0.089,-107.422,5.371,78.857
0.029,0.219,-0.015,-87.158,13.428,77.148
0.120,0.234,0.059,-62.744,15.686,71.838
0.154,0.218,0.103,-37.842,13.306,63.354
0.159,0.192,0.174,-14.526,9.094,51.514
0.167,0.160,0.241,6.958,3.418,37.292
0.165,0.118,0.273,27.039,-3.174,22.034
0.139,0.098,0.304,44.617,-8.179,7.202
0.149,0.042,0.362,60.791,-9.399,-4.883
0.166,-0.003,0.424,72.327,-7.690,-14.160
0.189,-0.043,0.484,79.529,-5.432,-18.372
0.262,-0.092,0.555,83.557,-2.930,-18.433
0.358,-0.128,0.623,85.205,-1.892,-18.616
0.400,-0.131,0.655,85.144,-3.540,-18.005
0.420,-0.136,0.707,85.388,-5.432,-14.893
0.425,-0.166,0.728,85.266,-8.484,-12.512
0.425,-0.158,0.751,84.656,-11.963,-14.221
0.424,-0.141,0.759,84.473,-16.296,-15.442
0.390,-0.137,0.728,84.839,-20.752,-17.334
0.306,-0.132,0.685,85.632,-21.240,-20.752
0.227,-0.130,0.643,86.487,-16.357,-23.682
0.181,-0.149,0.613,86.121,-7.690,-24.597
0.185,-0.169,0.604,83.496,2.441,-23.987
0.240,-0.174,0.639,81.116,12.695,-22.644
0.291,-0.202,0.682,80.139,20.264,-22.217
0.309,-0.222,0.709,78.735,23.499,-23.132
0.328,-0.226,0.735,75.989,23.499,-23.987
0.362,-0.234,0.770,73.181,21.912,-25.452
0.363,-0.251,0.794,71.716,19.104,-27.893
0.350,-0.274,0.812,68.665,16.907,-29.907
0.320,-0.283,0.815,62.317,17.151,-29.602
0.325,-0.281,0.822,54.993,19.226,-28.442
0.360,-0.286,0.832,50.598,23.437,-27.832
0.391,-0.297,0.839,47.974,28.442,-28.320
0.421,-0.307,0.847,47.241,33.447,-30.151
0.445,-0.317,0.848,48.035,37.292,-32.776
0.448,-0.324,0.830,48.950,39.978,-35.034
0.433,-0.329,0.802,48.706,42.053,-36.377
0.439,-0.336,0.807,48.096,44.739,-35.522
0.460,-0.332,0.809,48.218,46.387,-33.203
0.529,-0.362,0.864,50.110,44.434,-30.579
0.562,-0.383,0.884,51.453,36.377,-29.480
0.571,-0.388,0.915,51.819,28.748,-28.381
0.553,-0.411,0.912,52.429,20.752,-26.184
0.515,-0.428,0.890,50.049,14.954,-24.536
0.469,-0.433,0.853,45.715,13.245,-23.499
0.429,-0.422,0.832,40.100,16.174,-22.400
0.389,-0.421,0.787,33.386,22.888,-20.325
0.366,-0.414,0.757,25.879,33.630,-18.494
0.421,-0.409,0.766,20.508,47.119,-17.029
0.524,-0.403,0.804,18.433,57.617,-17.151
0.632,-0.390,0.862,20.691,60.791,-17.883
0.744,-0.399,0.926,27.039,56.274,-19.287
0.801,-0.413,0.955,34.912,42.969,-21.179
0.801,-0.420,0.958,42.175,24.536,-21.545
0.781,-0.425,0.952,47.974,4.395,-19.775
0.737,-0.430,0.925,51.453,-13.733,-16.357
0.672,-0.437,0.893,53.040,-28.137,-12.695
0.619,-0.449,0.872,52.246,-36.987,-9.094
0.574,-0.459,0.859,49.255,-40.344,-6.348
0.545,-0.466,0.848,45.532,-39.001,-4.883
0.532,-0.476,0.842,42.480,-33.997,-4.517
0.513,-0.477,0.830,39.612,-26.855,-4.700
0.503,-0.472,0.813,36.987,-18.555,-4.639
0.527,-0.472,0.808,34.729,-9.949,-4.578
0.539,-0.476,0.806,32.471,-2.380,-3.601
0.536,-0.474,0.798,30.334,3.418,-2.136
0.555,-0.475,0.802,27.527,7.629,0.427
0.571,-0.482,0.797,23.254,9.949,4.395
0.571,-0.488,0.785,17.151,9.583,9.155
0.560,-0.486,0.765,10.010,7.263,13.672
0.547,-0.478,0.748,2.563,5.005,16.785
0.534,-0.463,0.732,-3.784,2.808,18.066
0.517,-0.445,0.715,-9.155,1.465,17.700
0.507,-0.426,0.708,-13.245,1.343,16.113
0.517,-0.408,0.711,-15.625,1.648,14.221
0.530,-0.390,0.716,-16.602,0.793,12.756
0.543,-0.377,0.719,-16.541,-0.610,11.780
0.548,-0.383,0.717,-15.686,-2.563,11.902
0.544,-0.410,0.717,-14.343,-4.700,12.695
0.540,-0.422,0.723,-13.000,-6.104,12.878
0.537,-0.419,0.729,-11.414,-6.653,12.024
0.536,-0.420,0.733,-9.460,-6.165,10.315
0.545,-0.430,0.741,-7.263,-4.883,7.690
0.556,-0.438,0.744,-5.188,-3.235,4.456
0.569,-0.445,0.744,-4.333,-1.282,1.282
0.593,-0.443,0.748,-3.906,-0.122,-1.282
0.619,-0.438,0.752,-3.967,0.610,-2.991
0.638,-0.427,0.755,-3.845,0.000,-3.662
0.652,-0.424,0.757,-3.845,-1.099,-4.211
0.658,-0.425,0.756,-3.723,-2.686,-4.333
0.657,-0.423,0.755,-4.456,-4.700,-3.601
0.647,-0.413,0.751,-4.944,-6.226,-3.357
0.634,-0.401,0.743,-5.005,-7.141,-3.235
0.623,-0.395,0.733,-4.822,-7.019,-3.174
0.615,-0.389,0.723,-4.639,-6.104,-3.357
0.606,-0.386,0.710,-3.906,-4.944,-3.967
0.597,-0.385,0.697,-3.418,-3.479,-4.639
0.595,-0.392,0.694,-2.258,-2.075,-5.127
0.587,-0.403,0.687,-0.610,-1.282,-4.944
0.576,-0.406,0.676,0.977,-1.038,-4.211
0.565,-0.410,0.662,2.380,-0.732,-3.357

1.911,-4.000,4.000,183.167,-36.011,-127.258
2.261,-3.324,2.443,-123.230,-253.296,-168.884
0.539,-1.242,3.069,-242.371,-108.276,144.714
0.107,0.120,2.650,-304.382,2.747,108.643
-0.128,-0.636,1.045,-270.142,0.000,59.814
-0.111,-0.615,0.431,-207.031,20.203,48.401
0.300,-0.436,0.261,-170.410,23.254,49.316
0.118,-0.349,-0.128,-150.146,15.869,37.537
-0.141,-0.208,-0.145,-139.465,45.593,30.640
-0.304,-0.208,-0.231,-137.695,67.627,46.997
-0.280,-0.274,-0.273,-133.789,96.069,59.814
-0.156,-0.272,-0.266,-126.953,123.535,65.247
-0.074,-0.205,-0.240,-119.080,138.428,69.275
-0.041,-0.052,-0.219,-109.558,144.348,70.984
0.042,-0.070,-0.143,-100.769,146.362,78.491
0.114,-0.003,-0.009,-97.168,142.029,80.811
0.205,0.001,0.113,-95.459,127.136,86.792
0.265,0.030,0.168,-93.994,100.464,90.820
0.256,0.071,0.185,-91.614,68.787,89.111
0.203,0.109,0.175,-85.388,37.598,85.693
0.150,0.156,0.165,-74.951,11.353,79.834
0.114,0.194,0.158,-60.486,-7.996,73.486
0.088,0.203,0.152,-42.175,-21.362,65.613
0.057,0.196,0.152,-22.034,-28.564,55.847
0.039,0.180,0.175,-1.709,-30.029,45.837
0.042,0.151,0.219,17.883,-27.222,36.865
0.054,0.112,0.263,36.194,-23.010,28.381
0.077,0.059,0.303,52.795,-18.616,19.897
0.122,0.009,0.362,68.787,-13.245,10.010
0.206,-0.047,0.440,84.595,-8.606,-0.061
0.287,-0.109,0.509,99.854,-6.470,-8.728
0.347,-0.167,0.571,111.450,-6.226,-14.648
0.399,-0.221,0.628,119.751,-7.019,-16.357
0.432,-0.276,0.665,124.756,-9.888,-15.259
0.430,-0.323,0.686,126.770,-14.221,-12.878
0.393,-0.348,0.695,125.122,-18.677,-10.132
0.350,-0.356,0.680,120.911,-21.423,-7.507
0.320,-0.370,0.641,114.807,-21.729,-5.554
0.301,-0.403,0.629,107.056,-18.188,-4.639
0.318,-0.432,0.661,97.778,-12.085,-5.920
0.374,-0.456,0.709,90.637,-6.897,-11.108
0.413,-0.474,0.752,86.548,-4.333,-19.470
0.442,-0.496,0.792,84.473,-4.822,-28.259
0.465,-0.510,0.816,83.130,-7.812,-35.522
0.470,-0.516,0.824,82.092,-12.573,-39.978
0.459,-0.512,0.813,80.750,-18.127,-40.710
0.441,-0.508,0.792,79.529,-22.827,-38.635
0.424,-0.510,0.760,79.712,-24.475,-35.950
0.449,-0.532,0.785,81.360,-22.461,-33.203
0.468,-0.561,0.779,83.130,-19.348,-30.029
0.452,-0.573,0.773,83.618,-13.733,-27.405
0.449,-0.584,0.784,84.045,-6.165,-24.963
0.485,-0.627,0.793,84.778,1.160,-22.949
0.505,-0.647,0.807,82.947,8.545,-23.621
0.521,-0.645,0.837,77.881,15.381,-23.926
0.541,-0.644,0.852,71.411,18.738,-22.278
0.556,-0.650,0.848,64.819,19.531,-20.813
0.566,-0.660,0.838,58.228,19.531,-19.470
0.568,-0.659,0.828,51.270,19.531,-17.822
0.572,-0.654,0.827,43.579,19.348,-16.174
0.580,-0.657,0.827,36.743,18.799,-13.916
0.573,-0.648,0.822,29.785,17.883,-11.719
0.567,-0.634,0.813,23.743,16.602,-9.460
0.563,-0.630,0.802,19.226,14.954,-6.714
0.561,-0.637,0.800,15.625,13.794,-4.333
0.551,-0.637,0.788,11.841,12.573,-2.502
0.538,-0.628,0.783,7.996,11.414,-0.549
0.538,-0.622,0.785,4.639,10.254,1.343
0.541,-0.624,0.782,1.465,9.277,3.052
0.538,-0.627,0.774,-2.197,8.179,4.150
0.544,-0.631,0.773,-5.615,7.324,4.578
0.554,-0.631,0.770,-8.301,6.592,4.395
0.567,-0.634,0.771,-10.559,5.737,3.723
0.579,-0.634,0.773,-11.475,4.333,3.113
0.594,-0.639,0.777,-11.047,2.258,2.441
0.605,-0.642,0.790,-9.216,-0.183,1.770
0.607,-0.632,0.797,-7.385,-3.296,1.526
0.597,-0.615,0.788,-6.348,-7.019,2.014
0.579,-0.600,0.775,-6.470,-10.132,3.479
0.559,-0.591,0.758,-7.874,-12.695,5.432
0.536,-0.580,0.738,-10.071,-14.221,7.263
0.519,-0.575,0.729,-13.916,-14.465,8.606
0.501,-0.559,0.722,-19.775,-14.099,9.644
0.480,-0.536,0.713,-26.917,-13.245,10.742
0.467,-0.510,0.698,-34.363,-12.146,12.024
0.460,-0.498,0.699,-41.077,-11.169,13.123
0.445,-0.501,0.706,-48.340,-10.620,15.076
0.421,-0.513,0.709,-57.007,-11.597,18.677
0.417,-0.533,0.725,-66.711,-12.573,22.949
0.408,-0.533,0.718,-78.186,-13.611,27.954
0.380,-0.512,0.697,-90.332,-12.573,33.264
0.359,-0.487,0.672,-99.548,-9.460,37.231
0.355,-0.454,0.654,-104.614,-4.395,38.879
0.365,-0.414,0.653,-105.713,1.709,37.292
0.385,-0.363,0.656,-102.844,7.629,32.532
0.417,-0.323,0.664,-95.764,12.512,25.879
0.448,-0.297,0.677,-86.243,16.052,18.494
0.469,-0.281,0.699,-74.158,17.578,11.353
0.495,-0.272,0.723,-61.035,16.785,5.310
0.540,-0.281,0.756,-47.607,13.916,1.343
0.576,-0.310,0.777,-34.485,9.155,-0.977
0.587,-0.334,0.790,-22.461,3.174,-1.953
0.593,-0.342,0.808,-12.146,-2.930,-2.502
0.600,-0.354,0.820,-3.418,-8.972,-2.930
0.597,-0.374,0.829,3.235,-14.221,-3.113
0.576,-0.391,0.827,6.714,-17.822,-3.113
0.545,-0.396,0.814,6.958,-19.531,-3.052
0.521,-0.398,0.793,4.822,-18.433,-3.174
0.504,-0.397,0.773,1.404,-14.771,-3.479
0.490,-0.392,0.762,-2.197,-9.277,-4.456
0.485,-0.381,0.757,-5.859,-2.563,-5.920
0.491,-0.362,0.754,-8.667,4.456,-7.324
0.495,-0.345,0.743,-9.644,10.315,-9.033
0.505,-0.329,0.738,-9.338,15.015,-10.254
0.525,-0.318,0.736,-7.141,17.761,-10.925
0.540,-0.318,0.735,-3.906,18.372,-11.230
0.551,-0.324,0.734,-0.244,16.541,-11.169
0.563,-0.335,0.736,3.235,13.550,-10.803
0.567,-0.346,0.736,5.615,10.132,-10.071

0.544,-4.000,4.000,134.949,112.915,-201.599
1.668,-2.453,3.183,-208.618,116.272,-19.287
1.372,-0.295,2.558,-383.789,86.548,159.485
0.773,-0.502,2.071,-459.290,176.819,98.083
0.198,-0.736,1.476,-397.766,170.776,95.703
-0.004,-0.594,0.253,-318.726,97.473,112.671
-0.073,-0.146,-0.152,-271.729,81.909,97.412
-0.017,-0.060,0.086,-224.609,123.962,89.905
-0.134,-0.098,0.001,-191.895,145.447,84.473
-0.142,-0.124,-0.053,-179.565,166.443,79.834
-0.056,-0.271,-0.113,-172.363,182.983,89.355
0.044,-0.344,-0.149,-166.687,188.354,95.825
0.039,-0.218,-0.175,-165.039,186.462,95.337
0.035,-0.111,-0.184,-160.767,181.885,96.375
0.060,-0.079,-0.151,-154.175,173.767,95.520
0.105,-0.075,-0.079,-149.597,165.527,91.309
0.125,-0.040,-0.030,-145.203,156.433,88.806
0.127,0.042,-0.002,-140.320,143.127,84.412
0.114,0.125,0.005,-133.118,128.967,81.116
0.115,0.174,0.019,-121.216,115.662,77.820
0.120,0.202,0.019,-106.506,102.356,72.449
0.117,0.228,0.010,-89.050,88.745,64.819
0.131,0.252,0.026,-69.275,76.721,55.481
0.164,0.256,0.060,-47.180,65.247,45.898
0.188,0.236,0.086,-24.353,52.979,36.987
0.194,0.195,0.103,-2.747,42.175,29.236
0.216,0.132,0.133,17.029,34.973,22.278
0.263,0.066,0.184,33.752,31.982,15.808
0.324,0.018,0.244,47.791,34.302,8.911
0.427,-0.025,0.319,60.913,39.856,0.793
0.560,-0.081,0.386,72.876,44.922,-7.385
0.676,-0.149,0.438,82.642,46.936,-16.602
0.744,-0.211,0.478,87.830,46.021,-25.208
0.772,-0.252,0.499,87.769,43.274,-31.555
0.788,-0.271,0.502,83.313,40.100,-35.522
0.792,-0.271,0.494,76.782,36.560,-37.964
0.771,-0.256,0.474,69.092,33.203,-39.612
0.757,-0.242,0.454,62.378,31.738,-40.466
0.797,-0.235,0.457,56.946,31.982,-41.077
0.860,-0.236,0.483,53.101,32.593,-41.931
0.890,-0.230,0.499,51.453,30.945,-43.030
0.895,-0.214,0.507,51.636,25.879,-44.800
0.920,-0.201,0.524,52.795,19.348,-46.753
0.923,-0.185,0.541,55.847,11.414,-47.913
0.905,-0.173,0.548,59.387,1.099,-47.668
0.881,-0.175,0.551,62.927,-9.460,-45.593
0.840,-0.182,0.546,65.918,-19.531,-41.931
0.814,-0.206,0.553,67.017,-28.198,-38.025
0.770,-0.205,0.560,66.406,-34.363,-34.790
0.755,-0.226,0.546,65.063,-38.147,-31.494
0.780,-0.267,0.544,63.171,-40.100,-30.334
0.778,-0.269,0.567,60.913,-41.016,-31.372
0.778,-0.270,0.585,58.838,-43.274,-31.616
0.838,-0.307,0.604,56.763,-46.875,-32.532
0.862,-0.303,0.633,54.138,-50.659,-35.339
0.841,-0.286,0.643,50.659,-55.420,-35.889
0.819,-0.282,0.638,46.997,-60.791,-34.119
0.791,-0.278,0.627,44.006,-64.270,-31.311
0.763,-0.276,0.623,41.931,-64.575,-28.381
0.720,-0.274,0.616,40.894,-61.157,-26.367
0.674,-0.281,0.607,40.161,-52.979,-24.658
0.628,-0.280,0.600,38.818,-41.077,-22.644
0.609,-0.276,0.602,36.743,-26.367,-20.752
0.629,-0.274,0.621,35.156,-10.803,-19.104
0.659,-0.280,0.636,34.729,2.747,-18.005
0.684,-0.285,0.652,34.058,13.489,-17.273
0.708,-0.281,0.661,32.776,20.813,-15.991
0.737,-0.279,0.671,31.433,24.231,-13.977
0.766,-0.290,0.677,30.090,23.804,-11.230
0.788,-0.317,0.682,27.954,20.630,-8.240
0.796,-0.351,0.691,25.635,16.357,-6.287
0.787,-0.383,0.693,22.034,12.451,-5.554
0.758,-0.401,0.685,17.578,10.742,-5.005
0.750,-0.416,0.680,14.099,12.146,-5.310
0.770,-0.433,0.681,12.634,16.846,-6.958
0.780,-0.444,0.679,12.512,23.621,-9.827
0.779,-0.434,0.670,12.634,31.494,-12.695
0.813,-0.420,0.672,12.573,39.612,-14.771
0.851,-0.410,0.671,13.855,45.959,-15.442
0.866,-0.404,0.662,15.808,50.354,-14.343
0.865,-0.396,0.659,16.663,52.856,-10.620
0.861,-0.388,0.652,16.418,52.979,-4.395
0.851,-0.384,0.638,15.320,50.842,2.869
0.824,-0.384,0.615,12.085,47.729,11.536
0.783,-0.379,0.579,6.775,43.823,19.897
0.737,-0.366,0.545,0.610,40.100,26.550
0.690,-0.353,0.504,-6.714,37.659,30.823
0.655,-0.338,0.466,-14.099,37.537,32.227
0.634,-0.323,0.436,-21.545,39.917,31.250
0.629,-0.299,0.408,-28.320,44.739,28.809
0.656,-0.273,0.383,-31.921,50.903,25.330
0.695,-0.253,0.372,-32.715,58.044,21.118
0.748,-0.240,0.378,-30.945,64.514,17.029
0.833,-0.246,0.400,-26.978,68.604,13.000
0.946,-0.270,0.432,-20.508,68.970,8.240
1.057,-0.304,0.467,-13.489,65.125,2.747
1.144,-0.331,0.493,-6.287,56.580,-3.235
1.189,-0.346,0.508,-0.183,44.739,-8.240
1.203,-0.356,0.515,3.601,31.433,-10.925
1.199,-0.378,0.510,4.944,17.822,-10.925
1.181,-0.410,0.498,4.395,5.188,-8.789
1.139,-0.423,0.482,1.587,-4.700,-5.676
1.090,-0.416,0.460,-2.930,-11.597,-3.174
1.039,-0.401,0.441,-7.935,-15.442,-1.160
0.977,-0.379,0.416,-12.756,-15.686,0.183
0.908,-0.348,0.390,-17.212,-13.489,0.732
0.856,-0.323,0.365,-20.874,-9.460,1.160
0.809,-0.301,0.347,-23.621,-4.272,1.404
0.753,-0.280,0.323,-24.475,0.977,1.465
0.707,-0.260,0.301,-24.170,6.226,1.709
0.676,-0.248,0.288,-22.766,11.230,2.258
0.654,-0.248,0.280,-19.348,15.564,2.808
0.641,-0.245,0.277,-15.747,19.043,2.869
0.630,-0.240,0.269,-12.207,21.179,1.953
0.622,-0.237,0.255,-8.911,22.461,0.305
0.626,-0.242,0.242,-6.348,23.499,-1.892
0.633,-0.257,0.233,-5.066,24.109,-4.272
0.641,-0.273,0.225,-4.517,24.414,-7.690
0.645,-0.284,0.207,-5.005,24.841,-11.414

0.311,-4.000,4.000,109.436,133.484,-170.227
2.615,-1.904,2.952,-183.960,93.079,22.034
2.159,0.234,3.252,-351.929,141.602,203.491
1.407,-0.194,2.822,-380.859,197.449,123.901
0.622,-0.713,1.258,-312.134,114.380,107.483
-0.140,-0.540,0.219,-250.977,52.246,114.563
-0.262,-0.209,0.052,-218.994,63.538,111.450
0.065,-0.321,0.150,-184.570,98.206,104.553
0.026,-0.385,-0.075,-168.518,114.929,83.008
-0.097,-0.271,-0.199,-170.837,137.878,63.049
-0.145,-0.282,-0.241,-169.312,160.889,65.552
-0.120,-0.237,-0.236,-162.598,176.392,68.359
-0.057,-0.189,-0.235,-150.574,183.716,65.308
-0.035,-0.165,-0.323,-131.653,183.411,54.626
-0.053,-0.124,-0.390,-114.624,183.044,44.312
-0.067,-0.028,-0.339,-103.271,191.040,41.931
-0.026,0.034,-0.244,-92.773,202.087,49.377
0.074,0.066,-0.141,-81.421,207.153,56.641
0.157,0.073,-0.080,-69.946,202.087,59.143
0.221,0.087,-0.018,-58.594,191.772,58.044
0.267,0.105,0.021,-47.913,176.514,55.298
0.260,0.103,0.007,-36.133,157.104,50.659
0.234,0.104,-0.012,-22.827,138.916,42.053
0.236,0.108,0.000,-9.583,125.061,30.823
0.258,0.063,0.018,3.479,114.136,17.578
0.294,0.009,0.043,15.259,106.323,1.343
0.354,-0.041,0.087,24.048,102.295,-13.367
0.466,-0.099,0.134,29.663,98.877,-25.330
0.604,-0.168,0.170,32.471,92.834,-36.743
0.718,-0.227,0.199,31.616,84.229,-47.974
0.819,-0.259,0.234,26.978,73.975,-57.556
0.897,-0.269,0.247,20.508,62.073,-65.369
0.946,-0.255,0.261,13.306,49.988,-70.618
0.976,-0.245,0.265,6.165,38.208,-71.045
0.965,-0.228,0.245,-0.061,26.611,-69.641
0.943,-0.192,0.231,-4.822,17.334,-67.200
0.942,-0.170,0.212,-6.836,10.376,-63.477
0.946,-0.162,0.198,-7.080,6.226,-59.448
0.931,-0.150,0.188,-5.859,5.127,-55.847
0.910,-0.134,0.180,-3.113,5.127,-54.138
0.907,-0.126,0.183,1.831,5.615,-54.260
0.920,-0.130,0.198,8.423,5.798,-56.885
0.931,-0.152,0.212,16.296,4.456,-61.340
0.939,-0.172,0.227,24.780,1.953,-67.627
0.972,-0.204,0.252,32.776,-1.282,-73.730
1.016,-0.243,0.286,38.818,-5.310,-78.430
1.028,-0.257,0.306,42.969,-11.230,-81.543
1.024,-0.274,0.312,46.814,-18.799,-81.482
1.057,-0.307,0.325,50.476,-26.550,-80.261
1.073,-0.334,0.335,53.223,-34.912,-78.125
1.081,-0.350,0.360,53.833,-44.067,-75.012
1.057,-0.348,0.368,53.772,-54.382,-70.862
1.033,-0.357,0.362,54.443,-64.636,-64.880
1.016,-0.375,0.367,54.077,-72.571,-56.946
0.981,-0.388,0.377,53.101,-77.454,-48.706
0.923,-0.390,0.380,52.124,-79.712,-42.175
0.904,-0.407,0.388,51.086,-78.186,-37.170
0.902,-0.427,0.405,49.438,-73.120,-33.203
0.891,-0.431,0.409,47.729,-67.078,-31.555
0.889,-0.431,0.407,47.241,-60.974,-31.555
0.888,-0.433,0.410,47.791,-54.382,-31.555
0.879,-0.433,0.407,49.011,-48.706,-31.128
0.875,-0.434,0.411,49.438,-44.373,-30.151
0.880,-0.438,0.419,49.988,-41.321,-28.870
0.882,-0.442,0.429,50.232,-39.063,-28.137
0.870,-0.445,0.432,49.744,-37.170,-27.649
0.852,-0.447,0.430,48.889,-34.912,-27.100
0.845,-0.453,0.427,47.668,-31.616,-26.062
0.842,-0.465,0.420,46.082,-27.710,-23.437
0.830,-0.474,0.413,43.457,-23.682,-20.264
0.813,-0.477,0.401,40.222,-18.799,-17.029
0.801,-0.473,0.393,36.438,-12.756,-13.855
0.796,-0.462,0.392,32.471,-6.165,-10.620
0.799,-0.456,0.391,28.137,0.122,-7.080
0.814,-0.452,0.393,24.170,5.920,-3.479
0.834,-0.457,0.402,20.630,10.071,-0.366
0.854,-0.473,0.408,18.188,12.146,2.869
0.873,-0.495,0.422,17.212,11.780,4.944
0.883,-0.502,0.431,18.311,10.254,5.127
0.887,-0.503,0.439,20.996,7.935,4.028
0.892,-0.503,0.443,24.841,5.432,1.892
0.888,-0.513,0.436,29.907,2.625,-0.183
0.875,-0.513,0.430,33.875,0.610,-1.221
0.864,-0.500,0.428,35.950,-0.549,-0.549
0.859,-0.486,0.431,36.682,-0.793,2.197
0.846,-0.471,0.437,35.583,-0.854,7.019
0.816,-0.459,0.437,33.142,-1.709,13.123
0.784,-0.451,0.432,30.090,-3.052,19.958
0.752,-0.446,0.425,26.733,-4.150,26.550
0.721,-0.446,0.421,22.766,-4.761,32.227
0.701,-0.448,0.418,18.250,-4.822,36.194
0.693,-0.447,0.416,12.329,-3.906,37.781
0.699,-0.448,0.406,5.920,-2.380,37.415
0.709,-0.451,0.396,-0.793,-0.366,35.889
0.735,-0.449,0.383,-6.958,1.648,33.630
0.768,-0.440,0.374,-12.146,3.113,31.860
0.808,-0.436,0.371,-16.235,3.540,30.823
0.857,-0.453,0.374,-19.348,2.502,29.663
0.905,-0.476,0.383,-20.813,0.183,27.161
0.956,-0.484,0.392,-20.142,-2.747,21.851
0.999,-0.494,0.396,-17.883,-6.897,14.771
1.022,-0.510,0.396,-15.320,-11.719,7.385
1.027,-0.533,0.396,-13.550,-17.029,0.916
1.013,-0.562,0.391,-13.306,-20.691,-3.296
0.986,-0.580,0.381,-14.709,-22.034,-5.920
0.966,-0.588,0.372,-17.700,-20.203,-7.385
0.973,-0.598,0.362,-21.179,-15.625,-8.728
0.963,-0.592,0.352,-24.902,-9.644,-10.193
0.927,-0.571,0.336,-28.748,-2.563,-11.292
0.891,-0.546,0.313,-32.959,5.859,-10.742
0.854,-0.507,0.289,-36.133,14.771,-9.033
0.811,-0.461,0.270,-38.574,23.804,-6.409
0.770,-0.421,0.255,-39.856,32.349,-3.906
0.719,-0.388,0.232,-39.795,40.161,-2.502
0.672,-0.355,0.202,-38.757,47.668,-1.038
0.648,-0.325,0.181,-36.621,55.237,0.122
0.636,-0.314,0.168,-33.386,61.951,1.160
0.625,-0.322,0.157,-30.029,67.383,1.526
0.623,-0.333,0.151,-26.794,72.021,1.465

-2.421,-4.000,4.000,109.619,196.899,-123.291
1.620,-1.839,3.912,-226.868,365.479,-2.930
2.512,-0.198,2.845,-444.031,259.460,135.559
1.778,-0.550,2.349,-458.313,302.429,124.329
0.731,-0.844,1.102,-364.563,203.918,143.066
0.128,-0.844,0.198,-271.729,113.831,150.330
-0.087,-0.800,0.001,-222.595,103.821,144.104
-0.094,-0.691,0.067,-188.110,130.249,136.963
0.008,-0.554,0.117,-169.556,151.123,123.596
0.180,-0.573,0.067,-167.358,155.518,109.985
0.071,-0.615,-0.226,-172.058,148.254,92.834
-0.024,-0.461,-0.304,-171.936,156.677,78.796
-0.032,-0.283,-0.241,-160.156,173.096,80.078
0.072,-0.179,-0.157,-144.287,179.993,80.688
0.161,-0.206,-0.161,-130.737,174.255,74.707
0.126,-0.224,-0.187,-123.169,166.748,62.866
0.083,-0.164,-0.182,-119.385,162.903,49.133
0.131,-0.075,-0.145,-113.525,158.691,40.344
0.214,-0.006,-0.095,-103.027,148.315,35.034
0.274,0.023,-0.070,-89.783,130.859,30.884
0.306,0.035,-0.056,-77.515,109.436,27.466
0.329,0.052,-0.036,-65.857,86.731,23.743
0.359,0.054,-0.029,-54.077,63.354,19.714
0.377,0.061,-0.024,-41.931,39.063,14.038
0.369,0.086,-0.009,-29.358,16.357,7.874
0.378,0.059,-0.000,-15.442,-3.479,3.479
0.388,0.017,0.003,-2.380,-20.447,-2.869
0.374,-0.001,0.006,9.827,-33.020,-10.620
0.373,-0.026,0.023,22.339,-39.063,-17.700
0.419,-0.070,0.051,35.095,-40.161,-25.574
0.493,-0.126,0.081,47.729,-38.391,-35.522
0.584,-0.190,0.123,59.570,-34.180,-46.875
0.685,-0.252,0.176,68.970,-28.320,-57.739
0.770,-0.306,0.224,75.317,-22.888,-66.956
0.827,-0.343,0.265,77.881,-18.433,-73.242
0.874,-0.366,0.300,77.820,-16.357,-76.904
0.919,-0.381,0.325,76.355,-16.785,-78.857
0.939,-0.388,0.343,74.097,-18.555,-78.979
0.936,-0.393,0.357,71.533,-21.057,-77.515
0.934,-0.402,0.370,69.153,-23.743,-74.890
0.937,-0.418,0.384,67.383,-25.940,-71.106
0.927,-0.437,0.401,66.650,-27.893,-66.406
0.886,-0.435,0.406,66.223,-30.457,-60.730
0.870,-0.431,0.417,66.956,-33.142,-54.260
0.871,-0.454,0.415,69.458,-36.987,-47.791
0.852,-0.452,0.425,73.120,-40.833,-44.067
0.826,-0.461,0.428,77.820,-44.861,-40.588
0.811,-0.482,0.431,83.984,-48.645,-38.757
0.785,-0.510,0.433,90.698,-50.476,-38.818
0.743,-0.538,0.427,96.680,-49.866,-40.466
0.698,-0.554,0.421,100.891,-46.509,-42.358
0.668,-0.568,0.423,102.905,-39.612,-42.542
0.646,-0.580,0.431,100.952,-29.968,-40.222
0.641,-0.590,0.438,95.886,-19.470,-36.438
0.654,-0.598,0.447,89.600,-9.216,-32.104
0.673,-0.599,0.452,82.581,-0.305,-28.076
0.688,-0.601,0.458,75.623,6.714,-24.353
0.702,-0.608,0.462,69.214,11.841,-20.386
0.730,-0.620,0.470,64.209,14.709,-17.151
0.753,-0.631,0.476,60.303,15.320,-15.503
0.765,-0.638,0.479,57.312,15.015,-14.648
0.786,-0.647,0.484,54.199,14.160,-14.038
0.801,-0.647,0.483,51.270,12.451,-13.428
0.814,-0.645,0.479,47.791,10.315,-12.390
0.837,-0.648,0.483,44.800,7.935,-11.047
0.850,-0.655,0.485,42.786,5.066,-9.399
0.844,-0.655,0.480,40.833,1.770,-7.385
0.833,-0.652,0.474,38.696,-1.587,-4.822
0.820,-0.651,0.465,36.621,-4.761,-2.197
0.803,-0.651,0.456,33.936,-6.653,1.282
0.790,-0.655,0.448,31.250,-7.812,4.639
0.778,-0.665,0.446,27.771,-7.690,7.812
0.763,-0.681,0.443,24.597,-7.263,10.620
0.750,-0.703,0.443,21.667,-6.470,12.817
0.742,-0.740,0.450,20.142,-5.432,13.733
0.739,-0.780,0.456,19.531,-3.601,13.672
0.741,-0.810,0.462,19.409,-1.953,11.536
0.748,-0.825,0.466,20.081,-0.732,8.179
0.764,-0.835,0.466,20.874,0.793,3.662
0.798,-0.828,0.468,21.606,2.197,-0.916
0.837,-0.801,0.467,22.034,1.892,-4.517
0.865,-0.761,0.464,21.057,-0.183,-6.409
0.873,-0.714,0.459,20.081,-4.211,-5.798
0.859,-0.658,0.454,17.700,-10.315,-1.770
0.816,-0.594,0.445,14.465,-18.188,5.737
0.762,-0.536,0.425,10.986,-27.466,15.930
0.702,-0.510,0.399,7.690,-36.377,27.466
0.641,-0.537,0.378,3.235,-43.274,38.452
0.573,-0.573,0.357,-1.709,-47.668,47.607
0.514,-0.578,0.334,-6.836,-48.462,53.223
0.482,-0.572,0.318,-12.024,-44.861,54.443
0.474,-0.563,0.307,-17.212,-37.109,52.612
0.467,-0.554,0.295,-22.888,-26.611,48.279
0.476,-0.557,0.284,-28.076,-14.465,42.236
0.510,-0.562,0.278,-32.959,-1.770,35.522
0.552,-0.565,0.276,-37.476,9.644,29.236
0.610,-0.567,0.284,-41.382,18.921,23.926
0.696,-0.573,0.292,-44.373,24.353,19.104
0.792,-0.598,0.303,-44.739,25.452,13.611
0.881,-0.654,0.319,-42.358,23.071,6.226
0.981,-0.718,0.348,-38.208,17.456,-2.502
1.063,-0.748,0.383,-32.532,8.118,-11.902
1.103,-0.746,0.413,-25.879,-4.211,-21.118
1.120,-0.729,0.434,-18.921,-18.860,-26.611
1.105,-0.706,0.438,-13.367,-34.546,-27.100
1.042,-0.676,0.419,-9.521,-49.500,-24.048
0.956,-0.642,0.392,-7.629,-60.913,-18.616
0.864,-0.613,0.365,-7.446,-67.322,-11.902
0.772,-0.587,0.336,-8.667,-68.665,-4.761
0.671,-0.555,0.302,-10.986,-65.186,1.160
0.578,-0.524,0.272,-13.550,-57.373,5.859
0.516,-0.503,0.254,-15.686,-46.265,8.423
0.473,-0.482,0.241,-16.968,-33.997,9.094
0.438,-0.454,0.233,-17.517,-21.240,8.179
0.419,-0.434,0.223,-17.639,-9.521,6.470
0.418,-0.417,0.216,-17.517,0.305,4.211
0.430,-0.409,0.209,-17.395,8.850,1.709
0.453,-0.408,0.205,-17.029,14.893,-1.343
0.495,-0.410,0.206,-16.602,18.372,-3.845

0.719,-4.000,4.000,56.641,-56.213,-109.558
0.622,-2.771,3.695,-330.322,31.921,-78.064
0.732,-0.781,1.565,-436.035,-18.250,163.879
0.786,-0.935,1.064,-499.817,93.384,150.024
0.283,-1.054,1.317,-461.243,200.928,117.798
0.077,-0.979,0.968,-358.582,184.082,136.230
0.102,-0.576,0.345,-288.574,136.536,132.996
0.263,-0.529,0.210,-248.108,131.348,125.183
0.163,-0.544,0.066,-217.651,142.944,112.610
-0.040,-0.443,0.019,-205.322,169.250,96.069
-0.132,-0.407,-0.045,-199.585,192.444,89.478
-0.092,-0.425,-0.159,-190.735,208.496,89.172
-0.019,-0.380,-0.257,-180.603,222.717,87.891
0.008,-0.314,-0.294,-171.326,236.389,86.060
-0.006,-0.244,-0.285,-164.917,244.995,80.933
-0.025,-0.165,-0.267,-159.424,249.329,74.036
0.002,-0.085,-0.269,-151.489,252.319,66.895
0.051,0.010,-0.277,-141.113,254.150,62.134
0.106,0.094,-0.262,-126.465,253.662,60.486
0.161,0.148,-0.227,-107.666,249.146,60.181
0.220,0.159,-0.178,-87.402,239.380,61.279
0.304,0.138,-0.116,-67.383,224.182,61.340
0.357,0.133,-0.069,-48.279,202.454,57.800
0.378,0.156,-0.023,-29.541,175.842,52.429
0.407,0.135,0.010,-10.681,146.790,46.021
0.429,0.096,0.040,7.080,116.821,36.316
0.442,0.050,0.057,22.827,86.243,24.414
0.452,-0.016,0.058,36.072,56.885,10.986
0.471,-0.084,0.072,45.898,31.494,-4.578
0.507,-0.133,0.090,52.490,10.437,-21.362
0.562,-0.180,0.105,57.129,-6.287,-38.574
0.631,-0.227,0.117,59.692,-18.982,-55.542
0.721,-0.272,0.132,60.730,-28.137,-71.350
0.810,-0.302,0.152,60.486,-34.363,-84.290
0.860,-0.312,0.175,58.411,-38.025,-92.651
0.866,-0.303,0.186,55.603,-41.809,-97.229
0.860,-0.287,0.186,53.162,-44.739,-98.572
0.858,-0.277,0.194,51.514,-45.227,-96.497
0.859,-0.271,0.209,50.537,-43.762,-91.675
0.845,-0.262,0.220,51.086,-42.908,-86.182
0.873,-0.260,0.261,53.589,-42.603,-80.139
0.925,-0.303,0.269,58.105,-45.288,-74.585
0.936,-0.305,0.282,63.843,-49.072,-72.693
0.896,-0.349,0.271,71.167,-52.246,-70.862
0.857,-0.369,0.303,78.308,-53.284,-70.801
0.833,-0.412,0.320,85.083,-55.969,-71.167
0.840,-0.449,0.334,90.820,-59.509,-72.693
0.898,-0.478,0.390,94.971,-62.683,-73.853
0.941,-0.522,0.427,98.022,-68.665,-73.730
0.909,-0.546,0.416,99.548,-78.186,-73.425
0.866,-0.552,0.413,99.304,-87.769,-72.144
0.851,-0.545,0.414,99.304,-96.558,-69.763
0.852,-0.563,0.396,99.976,-103.577,-67.322
0.822,-0.580,0.384,101.685,-107.361,-67.200
0.772,-0.584,0.376,103.149,-108.765,-68.787
0.719,-0.558,0.363,104.919,-108.826,-70.984
0.686,-0.536,0.350,107.178,-107.544,-71.533
0.674,-0.534,0.341,109.985,-104.736,-70.862
0.658,-0.551,0.341,112.305,-99.670,-69.702
0.628,-0.570,0.339,113.342,-91.553,-66.772
0.601,-0.591,0.336,111.328,-80.933,-61.951
0.572,-0.602,0.332,107.300,-68.176,-55.969
0.561,-0.621,0.333,101.196,-52.185,-48.462
0.568,-0.639,0.342,92.896,-33.203,-39.246
0.578,-0.663,0.357,81.909,-12.756,-28.748
0.604,-0.690,0.380,69.458,7.446,-18.127
0.640,-0.695,0.399,56.458,26.062,-9.399
0.668,-0.685,0.406,43.579,42.114,-2.563
0.696,-0.691,0.404,31.860,55.786,4.456
0.746,-0.718,0.394,21.301,66.589,10.925
0.797,-0.768,0.391,12.634,73.914,15.564
0.832,-0.821,0.392,6.226,78.491,17.761
0.858,-0.862,0.390,2.197,80.688,17.456
0.896,-0.896,0.390,1.343,81.238,15.015
0.937,-0.907,0.394,3.479,80.200,10.315
0.984,-0.887,0.405,7.324,77.087,4.272
1.029,-0.853,0.415,12.085,71.106,-1.526
1.078,-0.817,0.425,17.517,61.279,-5.798
1.116,-0.777,0.432,22.827,47.607,-8.606
1.118,-0.721,0.435,27.588,30.518,-8.362
1.076,-0.663,0.424,31.128,10.559,-3.845
1.012,-0.621,0.402,33.691,-9.949,4.761
0.934,-0.592,0.374,34.546,-29.968,16.724
0.839,-0.590,0.333,33.936,-47.485,29.968
0.753,-0.605,0.306,31.067,-60.425,42.725
0.678,-0.625,0.292,26.184,-67.688,52.917
0.609,-0.639,0.288,20.142,-70.007,59.021
0.554,-0.652,0.285,12.756,-67.871,60.974
0.517,-0.658,0.278,5.188,-62.317,59.143
0.495,-0.661,0.268,-1.343,-54.504,54.138
0.484,-0.660,0.254,-6.714,-45.044,46.997
0.495,-0.656,0.240,-10.559,-34.851,38.391
0.531,-0.646,0.238,-12.268,-24.902,29.175
0.601,-0.651,0.249,-12.268,-15.869,20.142
0.679,-0.670,0.263,-10.742,-9.521,9.888
0.756,-0.692,0.285,-8.118,-5.981,-1.221
0.829,-0.720,0.304,-4.761,-5.188,-12.512
0.892,-0.744,0.324,-1.709,-7.080,-23.376
0.931,-0.761,0.337,1.404,-11.169,-31.738
0.946,-0.760,0.343,2.625,-16.724,-36.316
0.938,-0.740,0.344,2.991,-22.461,-37.720
0.920,-0.714,0.338,2.686,-27.771,-36.926
0.894,-0.688,0.331,1.892,-31.799,-34.668
0.852,-0.656,0.322,0.732,-34.180,-31.311
0.793,-0.622,0.303,-1.404,-34.729,-27.222
0.732,-0.593,0.279,-4.150,-32.471,-22.644
0.678,-0.571,0.259,-6.897,-26.855,-18.311
0.648,-0.547,0.260,-9.644,-18.188,-14.038
0.620,-0.531,0.259,-11.658,-9.094,-10.132
0.592,-0.525,0.255,-12.573,0.427,-6.531
0.584,-0.518,0.257,-13.062,11.169,-3.235
0.597,-0.509,0.267,-13.733,21.301,-0.427
0.617,-0.507,0.275,-13.550,29.480,1.709
0.649,-0.514,0.283,-12.878,34.668,2.441
0.701,-0.517,0.293,-12.207,36.133,1.892
0.743,-0.519,0.297,-11.169,33.020,-0.183
0.769,-0.523,0.298,-10.254,26.306,-2.747
0.790,-0.529,0.294,-10.071,17.090,-4.883
0.803,-0.542,0.292,-10.254,6.348,-6.714

-4.000,-4.000,3.984,199.890,99.609,55.237
-2.587,-3.943,3.251,37.048,612.305,95.276
1.735,-1.826,3.359,-161.377,676.636,64.087
3.520,-0.501,3.214,-246.216,478.271,7.385
2.563,-0.235,2.685,-240.295,284.729,14.648
0.966,-0.710,1.426,-217.224,107.727,47.974
0.152,-0.952,0.710,-185.242,39.856,78.613
-0.088,-0.651,0.297,-175.415,31.372,98.633
0.003,-0.461,0.086,-160.706,48.462,109.924
0.129,-0.399,-0.014,-140.076,62.683,108.643
0.281,-0.490,-0.004,-128.174,58.411,97.900
0.301,-0.498,0.039,-124.695,40.161,83.557
0.240,-0.444,0.072,-118.591,17.395,76.843
0.195,-0.394,0.019,-112.427,-7.080,72.876
0.190,-0.300,-0.130,-103.455,-26.184,67.261
0.126,-0.292,-0.257,-94.055,-33.508,64.026
0.010,-0.259,-0.267,-89.233,-29.297,56.030
-0.091,-0.222,-0.248,-84.900,-17.944,45.166
-0.129,-0.177,-0.248,-78.247,-5.615,34.485
-0.098,-0.147,-0.270,-70.862,9.033,27.039
-0.040,-0.092,-0.222,-61.584,28.320,20.386
0.007,-0.040,-0.172,-51.758,46.692,14.709
0.027,-0.020,-0.145,-41.626,62.683,11.353
0.043,0.001,-0.103,-31.738,77.393,6.042
0.080,0.024,-0.047,-20.569,89.722,-1.404
0.172,0.020,0.019,-8.484,97.839,-9.277
0.289,-0.015,0.089,3.174,99.792,-17.273
0.412,-0.070,0.184,14.221,96.375,-23.926
0.512,-0.139,0.281,25.146,85.510,-30.945
0.606,-0.236,0.386,35.522,67.871,-38.635
0.663,-0.328,0.472,44.006,43.091,-46.265
0.650,-0.389,0.500,47.913,14.893,-52.612
0.595,-0.433,0.493,48.584,-10.803,-55.542
0.546,-0.466,0.478,46.387,-30.884,-55.908
0.502,-0.498,0.461,42.542,-43.579,-55.542
0.439,-0.509,0.449,37.415,-49.133,-54.688
0.383,-0.501,0.442,31.616,-47.852,-52.979
0.384,-0.494,0.443,26.917,-41.260,-51.453
0.468,-0.496,0.465,26.306,-31.311,-51.941
0.597,-0.516,0.518,30.579,-19.897,-53.650
0.715,-0.548,0.573,38.086,-10.681,-55.115
0.792,-0.583,0.625,47.180,-6.165,-54.871
0.810,-0.609,0.667,55.664,-6.470,-51.270
0.811,-0.639,0.676,63.721,-10.620,-45.227
0.801,-0.672,0.672,70.435,-17.212,-38.513
0.798,-0.716,0.692,74.097,-23.804,-32.104
0.796,-0.746,0.723,73.486,-31.921,-26.611
0.768,-0.754,0.739,68.604,-42.847,-22.278
0.733,-0.731,0.713,62.134,-54.077,-19.958
0.766,-0.746,0.765,57.556,-63.843,-19.592
0.736,-0.731,0.732,54.688,-75.195,-22.766
0.681,-0.705,0.726,53.894,-80.200,-27.405
0.632,-0.649,0.744,55.359,-78.857,-31.799
0.603,-0.628,0.746,58.838,-74.463,-33.569
0.557,-0.621,0.740,61.462,-65.796,-33.264
0.510,-0.633,0.745,63.843,-51.941,-30.457
0.467,-0.641,0.746,65.613,-35.461,-26.489
0.442,-0.647,0.741,65.796,-17.578,-21.851
0.460,-0.656,0.750,65.491,0.305,-17.456
0.505,-0.643,0.742,65.735,15.503,-14.221
0.581,-0.657,0.768,67.078,26.672,-11.902
0.630,-0.672,0.753,69.519,29.541,-11.536
0.651,-0.672,0.735,71.777,27.100,-11.780
0.670,-0.697,0.739,72.815,21.545,-11.414
0.676,-0.708,0.751,70.496,13.672,-10.986
0.661,-0.700,0.757,64.514,4.517,-9.888
0.636,-0.693,0.766,54.688,-3.601,-7.812
0.593,-0.684,0.771,41.748,-9.766,-5.859
0.539,-0.673,0.766,26.550,-13.672,-4.333
0.505,-0.649,0.752,11.047,-15.503,-3.967
0.498,-0.607,0.723,-1.709,-16.479,-4.272
0.482,-0.572,0.690,-9.399,-17.029,-5.127
0.469,-0.546,0.662,-12.268,-17.151,-6.714
0.457,-0.510,0.638,-11.292,-16.846,-8.301
0.443,-0.472,0.617,-7.874,-15.991,-9.583
0.435,-0.443,0.610,-2.502,-13.794,-10.254
0.432,-0.429,0.603,4.517,-10.254,-10.193
0.434,-0.426,0.593,11.780,-4.944,-9.338
0.450,-0.435,0.594,17.761,2.991,-7.080
0.473,-0.453,0.605,21.240,12.390,-3.601
0.473,-0.472,0.611,21.545,22.949,2.014
0.479,-0.496,0.605,19.409,33.203,9.705
0.520,-0.522,0.615,15.991,42.114,17.273
0.568,-0.559,0.636,12.451,48.157,23.743
0.613,-0.584,0.668,9.094,49.988,28.564
0.656,-0.594,0.693,6.958,46.936,31.677
0.684,-0.594,0.708,6.653,39.185,32.837
0.699,-0.595,0.716,7.568,28.625,33.020
0.696,-0.596,0.707,9.888,16.479,32.410
0.669,-0.593,0.688,11.597,4.272,32.776
0.635,-0.582,0.666,11.658,-5.798,34.668
0.601,-0.574,0.647,10.315,-13.794,37.415
0.568,-0.582,0.633,7.874,-19.653,40.833
0.553,-0.612,0.626,4.333,-23.743,44.067
0.556,-0.648,0.624,0.549,-26.672,45.898
0.571,-0.668,0.630,-3.357,-29.541,45.837
0.588,-0.683,0.629,-6.042,-32.837,43.823
0.598,-0.704,0.618,-7.141,-37.048,41.077
0.602,-0.730,0.608,-6.775,-41.138,37.903
0.609,-0.754,0.603,-5.371,-44.495,34.241
0.621,-0.760,0.603,-2.319,-47.119,29.846
0.636,-0.759,0.609,1.526,-48.340,24.841
0.647,-0.755,0.616,5.798,-48.706,19.348
0.656,-0.754,0.621,10.254,-47.974,14.160
0.659,-0.753,0.625,13.000,-45.959,9.949
0.649,-0.752,0.622,13.855,-42.969,6.714
0.628,-0.754,0.612,13.611,-38.696,4.517
0.613,-0.757,0.609,10.986,-32.898,2.930
0.594,-0.749,0.606,7.141,-26.062,1.770
0.579,-0.736,0.598,2.258,-19.104,0.793
0.582,-0.726,0.594,-3.357,-12.390,-0.427
0.603,-0.721,0.592,-8.484,-7.324,-1.770
0.611,-0.710,0.584,-13.916,-5.249,-3.052
0.603,-0.686,0.561,-20.203,-5.737,-4.211
0.588,-0.656,0.532,-25.818,-7.812,-5.127
0.563,-0.628,0.500,-29.724,-9.583,-5.798
0.528,-0.607,0.474,-31.860,-10.437,-5.920
0.488,-0.587,0.448,-32.959,-9.644,-5.615
0.456,-0.566,0.422,-33.142,-7.690,-5.005

0.212,-4.000,4.000,-25.574,425.293,-53.040
2.734,-1.056,3.428,-241.089,401.367,55.481
2.802,1.255,2.246,-321.411,274.170,158.936
1.727,0.599,1.436,-251.282,286.987,93.506
0.828,-0.302,0.620,-127.869,209.839,77.087
0.491,-0.602,0.242,-44.373,139.282,86.304
0.464,-0.527,0.208,-37.903,92.896,93.445
0.497,-0.449,0.336,-55.115,59.692,87.280
0.527,-0.413,0.328,-71.045,6.897,76.172
0.491,-0.494,0.031,-76.172,-49.744,74.158
0.241,-0.404,-0.278,-78.308,-82.825,67.444
0.075,-0.227,-0.281,-79.041,-82.642,64.087
0.035,-0.167,-0.104,-75.928,-75.073,71.167
0.020,-0.218,-0.035,-75.745,-72.449,72.021
-0.055,-0.196,-0.019,-80.139,-65.735,65.369
-0.030,-0.057,0.091,-87.097,-50.781,59.265
0.044,0.033,0.125,-91.370,-42.480,56.946
0.086,0.047,0.075,-90.759,-41.260,54.260
0.076,0.053,0.048,-84.717,-36.499,50.781
0.081,0.043,0.065,-74.524,-29.419,45.532
0.115,0.042,0.086,-61.462,-24.597,37.048
0.155,0.038,0.114,-45.715,-21.240,26.672
0.185,0.013,0.139,-28.564,-18.860,16.602
0.195,-0.021,0.158,-11.902,-17.090,5.066
0.218,-0.052,0.196,4.211,-14.709,-6.409
0.288,-0.091,0.254,21.118,-11.292,-18.311
0.396,-0.157,0.316,39.124,-8.972,-30.762
0.486,-0.230,0.366,57.129,-8.728,-43.274
0.549,-0.298,0.428,71.350,-8.423,-53.833
0.599,-0.356,0.485,80.994,-7.996,-60.669
0.636,-0.402,0.526,87.402,-8.545,-64.453
0.670,-0.454,0.564,91.431,-10.132,-65.735
0.695,-0.503,0.576,92.285,-12.878,-64.026
0.688,-0.539,0.580,88.135,-15.747,-58.411
0.652,-0.556,0.593,78.857,-16.602,-49.866
0.620,-0.555,0.600,66.772,-15.564,-41.260
0.620,-0.542,0.599,53.589,-14.221,-33.752
0.645,-0.520,0.590,41.870,-13.000,-27.283
0.646,-0.506,0.582,34.119,-11.658,-22.217
0.619,-0.505,0.575,30.273,-10.803,-18.921
0.593,-0.511,0.557,29.541,-9.888,-17.578
0.579,-0.516,0.535,31.555,-9.216,-18.188
0.564,-0.513,0.535,33.691,-7.202,-19.592
0.549,-0.508,0.552,36.194,-4.517,-21.362
0.546,-0.510,0.568,38.757,-2.869,-23.926
0.542,-0.513,0.573,41.565,-2.869,-26.794
0.532,-0.514,0.571,44.006,-3.479,-29.541
0.531,-0.520,0.570,46.997,-3.357,-32.166
0.537,-0.530,0.569,51.270,-2.625,-34.607
0.522,-0.537,0.552,56.091,-1.038,-36.255
0.503,-0.550,0.520,60.547,1.282,-37.048
0.500,-0.566,0.515,62.988,5.615,-36.987
0.483,-0.563,0.499,62.134,10.376,-36.316
0.501,-0.584,0.547,59.326,16.357,-34.668
0.524,-0.599,0.559,56.091,19.836,-33.630
0.521,-0.615,0.552,52.002,21.423,-33.020
0.520,-0.615,0.551,47.241,23.437,-32.593
0.575,-0.640,0.557,43.762,24.902,-31.067
0.638,-0.673,0.585,41.626,25.330,-30.090
0.663,-0.691,0.607,39.307,23.010,-29.358
0.664,-0.694,0.608,36.316,18.555,-28.198
0.665,-0.687,0.609,33.386,13.855,-26.489
0.678,-0.687,0.612,31.372,8.545,-23.376
0.685,-0.697,0.615,30.090,3.479,-19.409
0.677,-0.704,0.613,29.236,-2.014,-14.832
0.672,-0.715,0.609,29.419,-7.446,-10.742
0.656,-0.734,0.605,30.884,-11.902,-7.385
0.651,-0.753,0.616,32.593,-15.198,-4.944
0.655,-0.776,0.629,35.217,-17.700,-3.479
0.660,-0.798,0.634,38.208,-20.386,-2.930
0.654,-0.812,0.644,41.382,-22.400,-2.502
0.646,-0.816,0.649,43.640,-23.804,-2.319
0.635,-0.807,0.656,44.556,-23.987,-1.648
0.621,-0.791,0.659,44.006,-24.048,-0.671
0.610,-0.765,0.653,41.931,-24.109,0.916
0.594,-0.737,0.646,38.940,-23.865,3.296
0.569,-0.711,0.637,35.889,-23.804,6.104
0.538,-0.689,0.625,32.166,-24.231,9.521
0.513,-0.671,0.617,27.832,-23.865,13.123
0.491,-0.656,0.609,23.071,-23.132,16.113
0.471,-0.641,0.595,18.005,-22.339,18.005
0.444,-0.623,0.573,11.902,-20.630,19.409
0.428,-0.627,0.552,5.188,-18.005,20.142
0.422,-0.639,0.529,-1.648,-14.893,20.447
0.425,-0.635,0.520,-8.240,-11.536,20.569
0.440,-0.624,0.508,-13.794,-8.911,20.447
0.461,-0.617,0.499,-17.517,-7.019,19.714
0.479,-0.608,0.489,-19.775,-5.127,18.738
0.502,-0.606,0.488,-20.264,-3.418,17.578
0.523,-0.608,0.490,-19.165,-2.625,16.296
0.545,-0.615,0.492,-17.212,-2.319,14.648
0.574,-0.628,0.499,-13.550,-2.197,12.573
0.609,-0.646,0.513,-9.216,-2.686,10.193
0.651,-0.667,0.538,-4.578,-4.089,7.385
0.693,-0.690,0.563,0.427,-6.775,4.395
0.728,-0.717,0.584,5.249,-10.681,1.221
0.748,-0.741,0.599,8.850,-15.381,-1.465
0.751,-0.759,0.603,11.658,-20.325,-3.052
0.739,-0.770,0.601,12.390,-24.048,-3.540
0.719,-0.778,0.598,11.047,-25.940,-3.906
0.698,-0.775,0.593,8.667,-25.513,-3.906
0.678,-0.756,0.588,5.127,-22.705,-3.845
0.661,-0.729,0.577,0.977,-18.311,-3.784
0.636,-0.696,0.556,-2.869,-13.000,-3.601
0.606,-0.662,0.534,-6.775,-6.592,-3.296
0.579,-0.625,0.512,-10.315,0.488,-2.991
0.559,-0.593,0.497,-12.512,7.751,-2.197
0.549,-0.563,0.484,-14.526,14.160,-1.160
0.543,-0.540,0.474,-15.625,18.921,-0.671
0.544,-0.531,0.464,-15.198,21.667,-0.488
0.547,-0.530,0.465,-14.648,22.278,-0.366
0.552,-0.533,0.463,-13.489,20.386,-0.977
0.560,-0.538,0.460,-11.902,17.029,-1.953
0.569,-0.546,0.458,-9.827,12.573,-3.174
0.578,-0.563,0.457,-7.202,8.057,-4.395
0.583,-0.584,0.455,-4.944,3.174,-6.409
0.580,-0.601,0.451,-3.418,-0.977,-7.690
0.578,-0.612,0.447,-2.502,-3.906,-8.362
0.588,-0.628,0.448,-1.709,-5.554,-8.728

1.693,-4.000,4.000,6.226,104.675,-90.027
2.943,-2.301,2.987,-230.103,85.022,-15.198
1.355,0.150,1.788,-294.800,117.126,177.490
0.401,0.722,1.564,-283.569,219.482,115.051
0.279,-0.094,0.825,-188.965,218.872,81.421
0.157,-0.460,0.346,-105.469,186.157,92.285
0.340,-0.559,0.365,-80.017,161.926,99.121
0.244,-0.517,0.077,-90.881,131.897,96.130
-0.055,-0.418,-0.101,-109.253,116.638,80.078
-0.098,-0.428,-0.010,-119.202,119.446,70.251
0.156,-0.358,0.048,-122.437,112.732,64.941
0.371,-0.266,-0.041,-120.483,89.905,56.458
0.335,-0.202,0.019,-118.347,69.153,50.232
0.275,-0.216,0.166,-119.080,49.500,48.157
0.270,-0.178,0.198,-121.033,20.386,45.288
0.276,-0.078,0.135,-121.521,-11.353,41.870
0.251,-0.002,0.098,-116.943,-36.865,39.307
0.196,0.023,0.066,-107.178,-55.847,36.682
0.150,0.024,0.029,-93.140,-68.787,31.982
0.135,0.036,0.018,-76.660,-74.646,25.391
0.148,0.051,0.036,-58.594,-75.073,17.578
0.167,0.056,0.061,-39.001,-72.205,9.460
0.181,0.025,0.086,-18.860,-66.650,1.892
0.198,-0.007,0.131,-0.549,-59.265,-5.249
0.226,-0.036,0.175,16.724,-50.476,-12.573
0.285,-0.086,0.229,33.325,-40.466,-19.348
0.373,-0.160,0.291,48.828,-29.785,-24.841
0.458,-0.236,0.359,62.805,-19.470,-29.724
0.523,-0.304,0.427,74.097,-10.193,-33.325
0.574,-0.366,0.484,81.787,-2.319,-35.339
0.617,-0.417,0.518,86.609,3.967,-36.316
0.654,-0.450,0.548,87.341,8.972,-36.133
0.687,-0.464,0.578,85.754,12.756,-34.973
0.706,-0.470,0.596,82.153,15.076,-32.959
0.703,-0.471,0.605,77.026,15.381,-30.396
0.691,-0.459,0.609,70.618,14.282,-27.344
0.685,-0.441,0.608,64.880,12.024,-23.682
0.686,-0.430,0.605,59.570,9.216,-19.714
0.682,-0.435,0.602,56.274,5.798,-16.418
0.687,-0.445,0.606,55.603,2.197,-14.771
0.692,-0.452,0.612,56.396,-1.831,-14.343
0.679,-0.461,0.617,58.228,-6.714,-14.465
0.663,-0.467,0.622,61.035,-11.536,-14.832
0.656,-0.471,0.631,62.378,-15.686,-14.771
0.633,-0.471,0.633,63.293,-19.836,-13.550
0.601,-0.473,0.621,63.721,-23.499,-12.024
0.578,-0.485,0.613,63.660,-24.902,-10.986
0.565,-0.498,0.611,62.866,-24.109,-10.315
0.556,-0.514,0.617,61.523,-21.423,-9.644
0.553,-0.528,0.624,59.021,-17.822,-9.155
0.546,-0.525,0.621,56.458,-14.648,-9.583
0.544,-0.517,0.619,53.467,-11.597,-10.559
0.563,-0.518,0.619,52.063,-8.789,-12.207
0.585,-0.524,0.632,52.551,-5.920,-15.076
0.596,-0.533,0.610,53.589,-3.967,-18.250
0.598,-0.536,0.626,54.260,-0.916,-20.569
0.601,-0.536,0.615,54.504,1.404,-21.606
0.607,-0.547,0.604,53.894,2.380,-21.484
0.605,-0.551,0.592,52.917,4.028,-20.874
0.588,-0.541,0.576,51.697,5.615,-18.921
0.573,-0.547,0.554,50.354,8.118,-15.198
0.577,-0.562,0.538,48.767,10.986,-11.902
0.601,-0.592,0.541,47.485,14.099,-9.399
0.629,-0.621,0.554,45.471,16.296,-8.118
0.650,-0.644,0.561,44.128,16.357,-7.751
0.684,-0.663,0.574,43.274,13.855,-7.446
0.719,-0.684,0.596,42.236,10.437,-6.592
0.743,-0.698,0.614,42.236,5.127,-5.859
0.751,-0.706,0.627,43.701,-0.977,-5.249
0.754,-0.704,0.641,46.692,-6.592,-3.967
0.756,-0.700,0.652,49.805,-12.390,-2.441
0.752,-0.688,0.660,53.223,-18.127,-0.366
0.740,-0.669,0.666,55.420,-23.437,2.380
0.716,-0.645,0.665,56.885,-28.381,5.249
0.682,-0.619,0.661,57.495,-32.593,8.911
0.642,-0.591,0.648,56.702,-36.316,13.245
0.603,-0.569,0.631,53.894,-39.246,18.005
0.559,-0.550,0.607,48.828,-41.077,23.010
0.523,-0.539,0.579,40.527,-41.199,27.649
0.498,-0.534,0.551,30.457,-39.551,31.189
0.479,-0.538,0.524,19.226,-36.133,32.776
0.471,-0.541,0.505,7.996,-31.067,32.715
0.474,-0.540,0.493,-2.075,-25.513,31.311
0.496,-0.539,0.495,-10.376,-20.447,29.236
0.522,-0.550,0.499,-15.991,-16.846,26.794
0.537,-0.563,0.499,-19.165,-14.709,23.560
0.552,-0.572,0.500,-19.897,-13.123,19.897
0.590,-0.590,0.514,-17.578,-11.902,16.113
0.661,-0.619,0.548,-12.268,-12.451,11.963
0.726,-0.652,0.581,-4.089,-16.052,6.531
0.777,-0.685,0.611,5.737,-21.362,0.183
0.813,-0.711,0.632,16.113,-28.137,-5.920
0.829,-0.727,0.642,25.024,-35.583,-10.986
0.817,-0.743,0.645,31.372,-41.992,-13.916
0.796,-0.761,0.643,35.767,-46.387,-15.015
0.765,-0.772,0.636,37.415,-48.096,-15.076
0.718,-0.762,0.620,35.583,-46.936,-14.282
0.668,-0.742,0.600,31.555,-42.542,-13.245
0.633,-0.720,0.581,26.428,-34.729,-11.780
0.605,-0.694,0.566,20.935,-25.391,-10.193
0.581,-0.673,0.552,16.113,-15.747,-8.423
0.564,-0.658,0.542,12.024,-7.385,-6.409
0.549,-0.638,0.528,8.240,-0.916,-4.333
0.527,-0.614,0.512,5.554,3.967,-2.747
0.502,-0.595,0.495,3.662,7.874,-1.221
0.482,-0.582,0.477,2.563,11.230,0.549
0.467,-0.567,0.460,1.587,13.916,1.892
0.460,-0.554,0.445,0.427,16.174,2.380
0.461,-0.547,0.430,-0.977,17.578,2.014
0.474,-0.540,0.417,-2.197,17.761,0.488
0.495,-0.536,0.409,-3.479,17.029,-1.648
0.515,-0.537,0.404,-5.249,14.526,-3.540
0.541,-0.537,0.397,-6.592,10.132,-6.226
0.563,-0.537,0.393,-8.789,4.089,-9.277
0.587,-0.539,0.387,-10.254,-3.052,-12.024
0.618,-0.553,0.388,-10.803,-11.108,-15.015
0.657,-0.588,0.397,-9.521,-20.813,-18.311
0.680,-0.633,0.403,-6.775,-31.982,-21.973
0.672,-0.660,0.390,-3.479,-45.227,-25.574

-0.002,-4.000,4.000,94.177,28.259,-164.001
1.637,-3.330,3.854,-223.572,31.921,-103.333
1.668,-0.861,2.525,-388.306,3.052,137.451
0.913,-0.166,1.975,-458.740,126.831,97.168
-0.218,-0.665,1.191,-380.615,147.095,86.304
-0.300,-0.931,0.627,-282.959,100.525,104.858
0.002,-1.107,0.000,-233.215,66.223,106.323
-0.047,-0.709,-0.145,-214.294,86.914,85.754
-0.206,-0.459,-0.050,-212.158,137.939,77.637
-0.339,-0.473,-0.161,-214.417,169.800,78.552
-0.281,-0.476,-0.295,-218.750,194.092,73.059
-0.123,-0.429,-0.374,-215.332,218.872,76.721
-0.051,-0.345,-0.364,-208.313,237.183,81.421
-0.050,-0.237,-0.345,-201.416,245.911,78.552
-0.040,-0.170,-0.382,-190.796,247.070,74.890
0.027,-0.013,-0.358,-179.260,245.544,73.059
0.120,0.014,-0.316,-164.490,239.929,80.933
0.225,0.056,-0.214,-150.391,224.243,83.801
0.278,0.091,-0.167,-134.521,197.998,84.717
0.303,0.114,-0.138,-115.356,165.100,83.557
0.320,0.136,-0.083,-95.703,130.615,80.872
0.295,0.182,-0.058,-76.111,93.811,75.378
0.248,0.215,-0.064,-54.504,57.556,69.702
0.212,0.245,-0.048,-32.959,25.879,62.866
0.198,0.244,-0.026,-10.132,-2.197,54.626
0.196,0.198,-0.006,14.526,-26.855,45.471
0.200,0.131,0.021,40.039,-48.584,33.813
0.214,0.075,0.055,65.308,-67.505,19.043
0.233,0.024,0.095,89.844,-82.092,2.563
0.262,-0.029,0.141,112.061,-91.492,-13.489
0.307,-0.082,0.186,133.728,-96.191,-29.419
0.372,-0.138,0.237,154.114,-96.558,-43.213
0.419,-0.192,0.288,172.302,-92.773,-53.528
0.428,-0.245,0.322,187.500,-86.365,-60.120
0.430,-0.296,0.344,199.707,-79.285,-65.002
0.456,-0.336,0.367,209.167,-71.167,-68.420
0.494,-0.369,0.393,216.553,-61.890,-70.862
0.531,-0.405,0.424,221.924,-52.795,-72.327
0.542,-0.441,0.458,223.572,-43.884,-72.021
0.527,-0.474,0.484,222.412,-36.072,-70.190
0.503,-0.503,0.491,218.201,-29.724,-67.505
0.467,-0.524,0.486,210.999,-23.071,-64.331
0.436,-0.540,0.478,202.087,-14.771,-61.279
0.413,-0.565,0.474,192.200,-3.845,-58.167
0.372,-0.592,0.456,181.519,10.925,-55.603
0.363,-0.633,0.443,170.654,29.480,-54.810
0.467,-0.716,0.478,160.339,52.307,-55.420
0.630,-0.815,0.531,151.611,74.036,-58.716
0.743,-0.882,0.561,143.799,88.562,-66.345
0.790,-0.896,0.581,135.376,96.313,-74.768
0.814,-0.868,0.585,126.038,98.755,-80.750
0.833,-0.837,0.573,116.089,96.924,-83.679
0.838,-0.817,0.555,106.018,91.858,-83.557
0.813,-0.800,0.532,96.375,84.656,-81.238
0.768,-0.780,0.510,86.487,77.026,-77.332
0.727,-0.766,0.489,76.294,70.313,-71.960
0.684,-0.749,0.444,65.857,64.636,-65.552
0.743,-0.816,0.486,56.519,60.669,-60.059
0.771,-0.833,0.449,48.645,55.542,-58.899
0.830,-0.931,0.451,45.044,53.711,-59.326
0.863,-0.970,0.509,41.382,50.110,-66.772
0.859,-0.943,0.490,38.452,41.809,-73.853
0.841,-0.874,0.483,36.011,34.180,-78.674
0.838,-0.831,0.518,34.729,26.978,-79.041
0.823,-0.801,0.480,33.325,15.869,-74.402
0.804,-0.836,0.447,31.738,6.409,-66.956
0.772,-0.862,0.420,27.710,1.587,-60.730
0.725,-0.865,0.399,22.522,-1.221,-55.908
0.705,-0.847,0.396,17.517,-1.038,-50.476
0.708,-0.871,0.389,14.038,-1.526,-42.969
0.719,-0.920,0.393,11.353,-1.343,-35.767
0.728,-0.971,0.399,9.277,-2.197,-29.236
0.730,-1.020,0.405,7.507,-4.089,-23.132
0.720,-1.057,0.408,6.592,-7.385,-17.578
0.716,-1.086,0.424,7.263,-10.681,-11.353
0.718,-1.104,0.438,9.277,-15.015,-5.188
0.712,-1.098,0.451,11.536,-19.775,0.244
0.701,-1.065,0.452,14.343,-24.231,5.615
0.687,-1.002,0.452,16.174,-27.893,10.193
0.664,-0.926,0.451,17.090,-30.273,14.648
0.632,-0.854,0.439,17.029,-31.799,19.897
0.600,-0.792,0.421,15.320,-32.043,26.184
0.578,-0.749,0.403,11.108,-30.640,32.715
0.562,-0.723,0.379,5.188,-27.832,39.307
0.537,-0.709,0.354,-3.479,-23.560,45.349
0.517,-0.706,0.327,-14.099,-17.944,50.293
0.511,-0.705,0.300,-25.391,-10.925,53.833
0.504,-0.702,0.284,-37.842,-2.563,56.519
0.490,-0.698,0.266,-50.659,7.324,59.692
0.474,-0.698,0.236,-62.927,18.005,62.622
0.453,-0.709,0.202,-74.036,30.640,64.941
0.435,-0.723,0.165,-84.229,46.021,66.772
0.426,-0.740,0.131,-92.102,64.697,68.176
0.438,-0.765,0.105,-96.741,85.632,68.665
0.480,-0.798,0.087,-97.412,107.910,67.505
0.564,-0.834,0.092,-95.520,129.822,64.575
0.691,-0.877,0.113,-92.468,149.109,58.350
0.821,-0.915,0.138,-89.050,162.781,48.828
0.924,-0.924,0.155,-86.365,169.250,37.231
0.999,-0.896,0.172,-85.388,168.396,26.367
1.038,-0.847,0.168,-85.144,160.767,18.616
1.053,-0.792,0.139,-84.961,147.278,15.564
1.035,-0.726,0.110,-85.327,131.714,16.724
0.987,-0.661,0.075,-84.656,115.479,22.339
0.918,-0.595,0.046,-81.421,100.464,30.273
0.857,-0.548,0.013,-77.209,88.989,38.940
0.773,-0.513,-0.020,-72.754,82.336,48.157
0.690,-0.487,-0.051,-68.787,80.444,57.373
0.623,-0.461,-0.072,-64.636,83.557,64.880
0.575,-0.437,-0.089,-60.364,91.736,69.580
0.542,-0.418,-0.108,-56.091,103.577,71.289
0.534,-0.403,-0.117,-51.270,118.103,70.557
0.541,-0.400,-0.114,-44.983,132.996,66.956
0.553,-0.407,-0.121,-37.903,146.301,60.303
0.559,-0.421,-0.132,-31.250,158.020,53.162
0.593,-0.434,-0.141,-25.330,167.786,47.180
0.642,-0.452,-0.141,-20.081,174.622,41.504
0.724,-0.496,-0.129,-16.846,178.711,35.461
0.829,-0.564,-0.120,-15.747,178.528,26.672

4.000,-0.619,2.275,-107.605,-36.194,42.847
4.000,-2.017,1.413,-128.662,-65.674,282.410
3.443,-0.964,1.205,-191.162,-33.386,359.375
1.297,-0.305,0.750,-235.840,26.489,324.036
0.297,-0.277,0.120,-187.073,86.792,281.494
0.093,-0.340,-0.149,-119.812,160.339,216.858
0.198,-0.349,-0.285,-71.533,206.665,149.353
0.243,-0.361,-0.295,-44.556,219.482,105.408
0.330,-0.428,-0.292,-36.743,212.219,78.918
0.349,-0.367,-0.173,-33.508,200.867,58.472
0.123,-0.276,-0.091,-29.846,182.556,52.002
-0.029,-0.190,-0.110,-13.672,171.326,49.622
0.050,-0.093,-0.130,-6.104,166.443,50.171
0.223,-0.147,-0.134,-7.446,151.184,54.565
0.312,-0.225,-0.136,-6.775,122.620,56.946
0.283,-0.185,-0.099,-11.719,91.248,56.030
0.220,-0.117,-0.110,-14.038,65.002,53.162
0.201,-0.077,-0.116,-11.658,43.213,52.673
0.194,-0.049,-0.148,-7.568,22.949,49.866
0.190,-0.058,-0.150,-3.357,7.935,44.373
0.219,-0.034,-0.147,-0.732,-4.761,35.217
0.258,-0.031,-0.163,2.075,-18.127,24.597
0.305,-0.049,-0.161,5.371,-31.677,11.780
0.351,-0.067,-0.179,9.094,-45.471,-1.709
0.413,-0.106,-0.180,12.817,-58.960,-15.259
0.476,-0.161,-0.203,15.137,-72.021,-28.687
0.534,-0.235,-0.231,15.137,-82.886,-40.894
0.613,-0.312,-0.265,11.963,-90.271,-52.490
0.713,-0.356,-0.285,5.310,-93.506,-63.660
0.799,-0.368,-0.303,-1.892,-94.604,-72.693
0.867,-0.362,-0.307,-7.812,-94.177,-77.942
0.927,-0.341,-0.297,-12.512,-92.834,-79.346
0.963,-0.325,-0.290,-14.587,-91.797,-78.064
0.978,-0.322,-0.285,-15.442,-90.027,-74.524
0.985,-0.316,-0.271,-15.076,-85.876,-69.580
0.985,-0.305,-0.253,-14.160,-80.322,-64.636
0.992,-0.310,-0.231,-13.000,-73.608,-60.059
1.000,-0.315,-0.207,-12.146,-66.528,-56.824
1.010,-0.312,-0.167,-10.559,-60.547,-54.688
1.009,-0.321,-0.152,-8.057,-57.068,-54.199
1.007,-0.322,-0.138,-5.127,-55.298,-55.115
0.999,-0.335,-0.128,-0.854,-54.321,-55.359
0.994,-0.341,-0.110,3.418,-53.040,-53.223
1.001,-0.328,-0.081,7.263,-51.819,-48.584
0.999,-0.323,-0.054,11.230,-51.331,-43.152
0.975,-0.331,-0.035,14.832,-50.232,-38.757
0.959,-0.346,-0.017,17.517,-47.913,-35.706
0.954,-0.360,-0.002,19.043,-45.410,-34.607
0.948,-0.364,0.010,19.470,-43.457,-35.095
0.945,-0.350,0.035,20.203,-42.480,-36.621
0.946,-0.343,0.058,21.606,-43.396,-38.513
0.964,-0.341,0.085,23.010,-45.776,-41.382
0.968,-0.346,0.095,24.048,-49.927,-44.800
0.962,-0.340,0.107,24.902,-54.199,-48.828
0.956,-0.342,0.111,24.963,-58.105,-51.147
0.957,-0.327,0.131,25.146,-61.768,-50.781
0.972,-0.309,0.137,25.879,-66.956,-47.119
0.977,-0.309,0.145,26.733,-72.632,-40.344
0.958,-0.318,0.147,27.222,-77.820,-33.813
0.927,-0.330,0.144,28.198,-80.444,-29.175
0.901,-0.350,0.142,28.687,-79.285,-25.696
0.886,-0.371,0.145,28.992,-75.134,-23.560
0.878,-0.387,0.154,28.931,-68.726,-22.339
0.871,-0.385,0.171,28.259,-61.401,-21.667
0.875,-0.396,0.187,27.832,-54.504,-20.081
0.887,-0.420,0.197,27.283,-48.401,-18.127
0.903,-0.442,0.210,26.489,-42.847,-16.785
0.920,-0.469,0.224,25.879,-38.452,-15.808
0.944,-0.501,0.235,26.062,-35.645,-15.442
0.966,-0.530,0.249,27.405,-33.386,-16.663
0.979,-0.551,0.260,29.541,-30.884,-18.677
0.990,-0.563,0.268,31.616,-27.893,-20.874
1.000,-0.568,0.271,33.875,-25.024,-22.644
1.003,-0.562,0.273,35.461,-22.705,-23.132
1.005,-0.552,0.271,36.133,-20.935,-21.484
1.007,-0.534,0.270,35.645,-19.775,-17.822
1.004,-0.511,0.266,35.400,-19.897,-12.573
1.000,-0.491,0.267,34.546,-20.874,-6.470
0.974,-0.463,0.262,33.203,-22.583,-0.305
0.931,-0.429,0.253,31.250,-25.269,7.263
0.890,-0.404,0.241,29.358,-27.893,15.747
0.849,-0.391,0.234,27.466,-30.579,24.780
0.805,-0.390,0.228,25.879,-32.776,33.630
0.771,-0.401,0.222,24.353,-34.424,41.504
0.745,-0.418,0.220,22.583,-35.767,46.692
0.724,-0.438,0.215,20.264,-36.438,49.072
0.704,-0.454,0.206,17.273,-36.621,48.584
0.700,-0.471,0.194,13.855,-36.255,45.410
0.707,-0.486,0.183,10.315,-35.156,40.466
0.719,-0.500,0.172,6.653,-33.081,34.546
0.750,-0.519,0.165,3.540,-30.945,27.405
0.806,-0.551,0.163,0.916,-28.687,18.799
0.897,-0.589,0.176,-0.977,-26.489,8.179
0.991,-0.619,0.191,-2.075,-25.757,-3.235
1.059,-0.624,0.196,-3.113,-26.489,-13.489
1.142,-0.616,0.204,-4.639,-28.381,-18.799
1.195,-0.595,0.206,-5.615,-31.433,-18.982
1.181,-0.566,0.197,-5.920,-33.997,-15.015
1.129,-0.531,0.182,-5.615,-33.813,-8.057
1.063,-0.496,0.172,-5.127,-30.029,-0.488
1.000,-0.467,0.165,-3.174,-22.827,7.080
0.928,-0.442,0.157,-0.732,-12.390,13.245
0.859,-0.419,0.147,2.380,-0.610,16.724
0.806,-0.397,0.145,5.737,12.695,18.066
0.773,-0.382,0.152,8.789,25.696,18.433
0.749,-0.381,0.162,11.841,36.865,18.311
0.732,-0.388,0.171,13.916,45.898,18.127
0.723,-0.396,0.175,14.648,52.917,18.127
0.716,-0.393,0.171,14.343,57.983,18.494
0.721,-0.387,0.164,13.550,62.439,19.104
0.717,-0.390,0.149,11.353,66.833,20.020
0.707,-0.390,0.124,8.179,71.655,21.118
0.701,-0.378,0.103,3.784,77.576,22.400
0.693,-0.370,0.082,-1.465,84.106,22.705
0.685,-0.372,0.057,-6.348,90.576,21.851
0.687,-0.376,0.034,-11.230,97.656,19.653
0.692,-0.373,0.012,-14.832,104.797,16.602
0.710,-0.368,-0.005,-16.968,111.450,13.184
0.746,-0.379,-0.016,-17.822,117.432,10.071

4.000,-0.628,-0.147,45.959,310.730,120.667
3.601,-0.463,-0.278,40.222,299.561,146.606
2.248,-0.375,-0.566,33.447,327.820,185.486
1.684,-0.110,-0.463,36.926,344.727,188.599
1.470,-0.114,-0.353,53.406,313.599,162.537
1.374,-0.204,-0.039,61.340,235.413,129.456
1.168,-0.085,0.042,53.955,119.629,106.201
0.774,-0.148,0.039,67.444,8.972,99.243
0.599,-0.280,0.264,80.139,-76.355,95.703
0.443,-0.234,0.078,73.486,-148.499,86.304
0.286,-0.290,-0.192,58.899,-197.937,82.397
0.233,-0.292,-0.276,44.556,-226.074,76.843
0.204,-0.252,-0.314,44.495,-245.605,64.819
0.160,-0.168,-0.291,46.509,-262.817,54.871
0.079,-0.077,-0.296,46.753,-276.184,52.551
-0.001,-0.057,-0.297,50.171,-277.466,52.979
-0.038,-0.065,-0.278,50.964,-267.639,51.270
-0.031,-0.043,-0.241,48.218,-250.549,46.387
0.014,-0.021,-0.231,44.983,-230.835,40.710
0.116,-0.035,-0.213,42.725,-211.914,34.424
0.204,-0.050,-0.212,42.419,-194.763,25.208
0.243,-0.097,-0.209,42.664,-179.260,12.695
0.254,-0.160,-0.202,42.786,-164.490,-2.136
0.286,-0.184,-0.170,41.992,-147.339,-18.860
0.343,-0.201,-0.133,41.809,-129.150,-36.255
0.419,-0.246,-0.107,42.480,-111.084,-53.162
0.501,-0.284,-0.077,41.504,-92.773,-69.702
0.591,-0.310,-0.047,38.513,-75.928,-83.130
0.702,-0.326,-0.018,34.973,-62.378,-93.262
0.815,-0.333,0.004,31.189,-53.894,-100.037
0.900,-0.320,0.020,26.978,-50.293,-104.126
0.956,-0.298,0.036,24.353,-50.354,-103.149
1.018,-0.278,0.055,22.339,-53.467,-95.886
1.075,-0.272,0.070,21.667,-61.035,-85.388
1.098,-0.272,0.071,22.888,-71.472,-74.524
1.064,-0.278,0.075,24.597,-81.665,-63.293
1.029,-0.316,0.073,25.940,-89.417,-52.856
1.002,-0.342,0.074,27.710,-94.604,-47.424
0.961,-0.336,0.087,30.090,-96.252,-45.715
0.946,-0.364,0.100,33.813,-95.581,-45.044
0.954,-0.396,0.125,37.292,-93.323,-47.974
0.949,-0.405,0.144,40.100,-89.844,-51.880
0.940,-0.411,0.165,41.443,-85.938,-54.626
0.954,-0.426,0.190,42.847,-82.886,-56.824
0.970,-0.432,0.206,44.556,-80.933,-58.899
0.985,-0.434,0.227,46.387,-79.163,-59.265
0.991,-0.438,0.251,48.401,-77.637,-58.411
0.977,-0.430,0.260,50.110,-77.209,-56.641
0.967,-0.429,0.278,51.392,-76.721,-53.711
0.952,-0.425,0.292,51.697,-76.294,-48.706
0.944,-0.428,0.307,51.086,-76.294,-41.443
0.944,-0.432,0.315,50.049,-76.721,-33.264
0.931,-0.432,0.328,49.072,-77.148,-25.391
0.913,-0.440,0.330,48.157,-77.087,-18.005
0.903,-0.450,0.348,47.241,-75.500,-12.390
0.888,-0.446,0.365,46.814,-73.486,-8.301
0.875,-0.437,0.383,46.143,-71.838,-4.761
0.870,-0.452,0.385,44.800,-70.984,-1.465
0.844,-0.450,0.388,42.847,-69.580,0.122
0.811,-0.455,0.383,40.039,-67.383,1.282
0.782,-0.467,0.374,36.987,-63.416,1.160
0.767,-0.491,0.373,33.264,-56.946,0.305
0.765,-0.517,0.385,28.748,-48.950,-1.160
0.775,-0.545,0.398,23.987,-41.443,-2.991
0.794,-0.567,0.419,19.714,-34.851,-5.005
0.826,-0.586,0.440,15.747,-29.480,-7.385
0.870,-0.595,0.464,12.756,-25.940,-10.254
0.907,-0.582,0.486,11.292,-25.330,-12.939
0.927,-0.560,0.502,10.620,-27.954,-14.099
0.920,-0.537,0.507,10.376,-33.447,-12.695
0.886,-0.508,0.501,11.047,-40.039,-9.399
0.831,-0.470,0.487,10.864,-45.593,-4.333
0.766,-0.426,0.474,11.353,-48.645,1.221
0.687,-0.390,0.456,12.024,-48.828,8.118
0.604,-0.361,0.433,12.634,-45.776,14.954
0.540,-0.341,0.411,12.329,-39.917,21.057
0.500,-0.327,0.395,10.315,-31.921,26.428
0.485,-0.323,0.378,6.592,-22.949,29.907
0.486,-0.327,0.361,1.648,-14.648,31.067
0.494,-0.335,0.348,-4.761,-7.446,29.968
0.510,-0.347,0.344,-11.841,-1.526,27.832
0.536,-0.354,0.343,-18.921,2.686,25.146
0.566,-0.362,0.348,-25.452,5.127,21.545
0.639,-0.399,0.372,-30.945,5.798,17.151
0.772,-0.452,0.408,-34.424,2.441,11.353
0.913,-0.499,0.448,-35.339,-7.080,3.113
1.036,-0.522,0.488,-34.668,-24.475,-6.348
1.118,-0.517,0.511,-32.715,-50.842,-16.785
1.138,-0.498,0.517,-29.480,-82.764,-26.001
1.125,-0.486,0.506,-25.085,-114.929,-32.166
1.076,-0.479,0.486,-18.677,-143.188,-35.522
1.012,-0.483,0.475,-10.620,-164.734,-36.987
0.946,-0.500,0.468,-1.160,-179.810,-37.659
0.900,-0.505,0.473,8.667,-189.392,-39.612
0.852,-0.501,0.482,18.921,-194.702,-42.847
0.787,-0.495,0.486,29.358,-197.998,-46.082
0.724,-0.480,0.484,39.124,-199.585,-48.401
0.679,-0.474,0.492,49.255,-198.975,-49.316
0.635,-0.482,0.503,58.533,-196.472,-48.157
0.587,-0.492,0.512,65.857,-194.458,-45.105
0.527,-0.511,0.501,70.496,-192.139,-41.748
0.502,-0.524,0.513,73.486,-189.087,-38.635
0.474,-0.533,0.528,74.646,-187.134,-37.048
0.419,-0.534,0.521,73.975,-186.218,-37.842
0.343,-0.531,0.498,72.388,-183.533,-39.551
0.269,-0.524,0.466,71.045,-176.758,-40.833
0.209,-0.517,0.440,70.068,-164.795,-41.626
0.167,-0.505,0.425,70.007,-148.499,-42.236
0.151,-0.501,0.422,71.289,-128.784,-42.358
0.159,-0.518,0.430,74.158,-107.788,-42.542
0.185,-0.546,0.450,78.491,-87.463,-42.358
0.227,-0.582,0.484,83.435,-69.702,-41.382
0.294,-0.627,0.528,88.318,-56.274,-39.185
0.396,-0.665,0.583,94.116,-51.025,-36.133
0.465,-0.709,0.625,101.501,-55.664,-33.813
0.504,-0.788,0.656,111.450,-67.566,-33.752
0.525,-0.874,0.673,122.620,-84.473,-35.767
0.500,-0.944,0.659,133.301,-104.187,-40.100
0.437,-0.994,0.625,142.273,-121.765,-44.617

-1.409,-2.246,1.444,-104.736,250.854,95.703
-1.877,-2.265,1.127,-202.454,343.079,51.758
-1.215,-2.180,0.725,-240.662,384.399,-26.611
-0.193,-1.731,1.087,-267.883,441.956,-54.199
0.386,-1.382,0.868,-322.266,415.894,-36.377
0.748,-1.215,0.943,-355.103,356.506,-13.367
0.760,-1.034,0.833,-379.883,278.870,18.616
0.693,-1.039,0.734,-389.099,202.148,58.350
0.621,-1.104,0.762,-380.066,140.869,93.933
0.583,-0.973,0.799,-372.681,87.341,115.784
0.521,-0.874,0.716,-367.615,25.024,113.403
0.395,-0.885,0.581,-349.854,-31.189,98.938
0.209,-0.866,0.385,-321.533,-65.796,79.346
-0.145,-0.622,0.041,-298.157,-65.125,48.035
-0.189,-0.319,-0.053,-269.165,-10.620,30.701
-0.105,-0.030,-0.143,-238.525,53.040,25.940
-0.117,0.132,-0.217,-195.068,104.675,16.357
-0.022,0.151,-0.133,-151.550,154.175,6.104
0.201,0.127,-0.019,-119.202,184.387,0.122
0.290,0.026,0.048,-87.402,191.833,-4.395
0.241,-0.045,0.068,-56.885,191.345,-14.465
0.300,-0.012,0.165,-36.499,186.462,-25.513
0.442,0.015,0.284,-23.376,172.119,-29.358
0.532,0.038,0.401,-12.573,146.667,-29.663
0.559,0.049,0.508,-2.502,110.229,-27.222
0.548,0.046,0.539,6.470,64.209,-21.545
0.506,0.054,0.499,14.893,14.709,-13.672
0.436,0.059,0.415,24.536,-30.090,-5.127
0.348,0.069,0.349,36.255,-66.345,2.441
0.275,0.048,0.312,51.514,-93.201,9.705
0.228,0.022,0.301,69.702,-112.061,14.221
0.193,0.005,0.303,89.478,-125.061,17.273
0.194,-0.032,0.335,111.267,-132.324,20.752
0.233,-0.087,0.384,135.803,-136.292,23.071
0.293,-0.168,0.427,162.598,-139.771,24.109
0.338,-0.269,0.448,189.941,-143.677,24.902
0.336,-0.370,0.496,215.027,-147.278,24.658
0.307,-0.478,0.557,237.488,-150.452,23.132
0.280,-0.600,0.601,257.996,-154.785,21.240
0.266,-0.705,0.626,274.780,-160.950,17.151
0.249,-0.803,0.631,288.208,-166.687,9.766
0.208,-0.884,0.601,296.936,-169.983,0.427
0.157,-0.952,0.575,299.805,-166.443,-9.033
0.119,-1.016,0.571,297.791,-154.785,-15.259
0.110,-1.063,0.561,289.368,-138.489,-17.578
0.101,-1.095,0.554,277.222,-119.934,-18.799
0.114,-1.110,0.553,262.695,-99.548,-18.250
0.164,-1.120,0.537,247.620,-81.177,-16.479
0.206,-1.146,0.517,232.910,-67.383,-13.550
0.195,-1.165,0.517,216.919,-56.091,-10.315
0.150,-1.179,0.530,198.547,-44.434,-7.019
0.123,-1.189,0.535,177.551,-31.921,-4.089
0.127,-1.199,0.558,154.785,-18.677,-2.686
0.142,-1.191,0.540,130.859,-7.507,-1.709
0.162,-1.178,0.536,106.934,2.625,-0.732
0.180,-1.172,0.536,83.618,12.024,1.221
0.202,-1.174,0.536,61.096,18.799,2.380
0.220,-1.152,0.536,39.001,23.193,2.258
0.248,-1.123,0.533,18.250,24.780,2.380
0.268,-1.097,0.516,0.854,23.010,3.113
0.273,-1.077,0.502,-13.489,20.081,4.211
0.275,-1.057,0.495,-25.269,15.930,5.066
0.260,-1.020,0.471,-35.217,10.925,5.615
0.238,-0.987,0.454,-42.175,7.324,6.653
0.222,-0.960,0.446,-46.997,5.249,8.240
0.207,-0.927,0.431,-50.232,3.845,9.338
0.194,-0.897,0.420,-51.758,3.601,10.498
0.188,-0.875,0.416,-51.819,4.333,11.902
0.182,-0.850,0.411,-50.049,5.493,13.245
0.179,-0.830,0.406,-47.058,6.409,14.526
0.182,-0.817,0.402,-43.213,7.690,16.052
0.183,-0.808,0.399,-38.452,8.728,17.517
0.187,-0.807,0.401,-33.569,9.338,18.982
0.196,-0.818,0.403,-28.625,9.094,20.386
0.209,-0.849,0.410,-23.437,8.362,22.034
0.222,-0.891,0.424,-18.433,6.897,23.682
0.234,-0.924,0.435,-14.038,4.150,24.597
0.244,-0.945,0.447,-9.399,1.099,24.780
0.244,-0.947,0.456,-4.089,-1.526,24.597
0.235,-0.946,0.459,0.549,-4.089,24.902
0.224,-0.937,0.456,4.333,-5.371,25.024
0.214,-0.912,0.452,6.409,-5.127,25.574
0.195,-0.876,0.443,6.531,-2.991,26.855
0.176,-0.846,0.431,5.005,0.732,28.931
0.173,-0.824,0.425,2.197,6.470,31.433
0.179,-0.802,0.417,-1.770,13.123,33.875
0.186,-0.780,0.408,-6.958,20.203,36.316
0.201,-0.763,0.398,-13.550,27.100,38.757
0.227,-0.762,0.398,-20.203,32.959,40.771
0.259,-0.773,0.408,-26.917,37.537,42.969
0.287,-0.780,0.415,-34.363,39.856,45.288
0.307,-0.788,0.414,-41.870,40.039,47.546
0.323,-0.813,0.416,-48.767,38.513,49.500
0.362,-0.877,0.456,-56.274,37.170,51.880
0.409,-0.938,0.484,-66.223,35.278,55.664
0.415,-0.986,0.484,-78.125,32.227,59.753
0.395,-1.031,0.468,-87.646,30.579,61.890
0.369,-1.050,0.445,-94.666,32.898,61.157
0.331,-1.024,0.411,-99.792,40.222,58.105
0.296,-0.997,0.380,-103.333,53.894,54.443
0.311,-1.005,0.376,-103.149,72.693,49.377
0.400,-1.051,0.401,-98.755,92.834,41.382
0.505,-1.047,0.438,-92.041,109.985,30.334
0.595,-1.002,0.490,-85.449,122.375,18.677
0.673,-0.945,0.533,-79.102,127.197,7.874
0.735,-0.882,0.552,-73.792,123.535,-0.549
0.766,-0.824,0.563,-69.702,113.342,-4.333
0.751,-0.768,0.549,-67.261,98.633,-4.333
0.704,-0.718,0.532,-67.017,81.970,-2.075
0.645,-0.677,0.509,-68.420,65.674,2.319
0.598,-0.663,0.489,-71.045,51.636,7.202
0.541,-0.645,0.453,-75.562,41.382,11.536
0.468,-0.629,0.403,-80.994,35.461,14.160
0.404,-0.622,0.358,-86.304,35.217,13.794
0.371,-0.616,0.323,-91.125,39.673,10.376
0.371,-0.611,0.300,-94.910,46.448,5.371
0.385,-0.606,0.284,-96.375,53.284,-1.099
0.417,-0.605,0.281,-95.337,58.838,-8.484
0.460,-0.601,0.280,-90.759,61.157,-17.578

1.205,-4.000,4.000,86.853,14.893,-60.852
2.097,-3.801,3.978,-274.536,0.977,-83.923
1.241,-0.739,2.274,-431.885,15.686,162.231
0.443,0.353,1.788,-467.896,152.588,143.921
0.121,0.015,0.839,-347.534,175.476,90.088
0.111,-0.317,0.303,-215.698,147.461,85.083
0.023,-0.468,-0.051,-144.714,126.099,90.027
0.238,-0.514,0.304,-121.155,136.597,98.145
0.178,-0.570,0.034,-125.427,119.995,99.609
-0.121,-0.421,-0.257,-137.146,110.413,86.853
-0.183,-0.333,-0.225,-137.756,132.751,89.600
-0.124,-0.237,-0.186,-130.066,143.982,97.534
0.023,-0.173,-0.142,-121.155,143.372,97.412
0.084,-0.175,-0.197,-112.793,137.817,96.985
0.123,-0.172,-0.201,-109.131,134.888,97.656
0.128,-0.089,-0.177,-109.680,130.371,100.464
0.143,-0.078,-0.180,-108.459,123.047,104.614
0.155,-0.027,-0.144,-103.699,113.220,103.333
0.193,0.037,-0.049,-96.680,100.281,99.670
0.251,0.085,0.039,-86.365,80.994,95.276
0.259,0.153,0.072,-74.097,55.420,87.463
0.239,0.192,0.077,-59.265,29.175,80.627
0.231,0.199,0.093,-42.053,4.822,73.120
0.229,0.182,0.105,-22.705,-16.663,63.232
0.211,0.164,0.105,-2.136,-35.889,51.208
0.190,0.135,0.113,19.653,-49.927,38.147
0.194,0.099,0.146,42.542,-58.411,24.658
0.215,0.042,0.184,65.308,-63.110,11.780
0.250,-0.009,0.230,87.219,-64.880,-1.160
0.321,-0.070,0.285,107.788,-64.453,-13.428
0.406,-0.141,0.339,126.587,-62.744,-24.658
0.467,-0.210,0.385,143.005,-59.937,-33.447
0.497,-0.273,0.430,155.823,-57.190,-39.917
0.528,-0.331,0.482,165.771,-55.664,-44.983
0.563,-0.372,0.524,173.706,-55.542,-49.377
0.580,-0.394,0.560,178.284,-56.641,-52.002
0.586,-0.408,0.580,180.603,-59.387,-53.406
0.586,-0.434,0.597,181.580,-61.890,-54.138
0.583,-0.464,0.616,181.091,-64.514,-55.176
0.619,-0.504,0.639,180.847,-67.444,-57.129
0.667,-0.557,0.650,180.420,-71.655,-58.472
0.677,-0.615,0.658,176.819,-77.026,-57.678
0.649,-0.667,0.659,170.654,-83.435,-56.091
0.621,-0.703,0.674,162.292,-88.501,-54.932
0.616,-0.730,0.702,153.076,-90.210,-54.321
0.618,-0.753,0.733,143.372,-89.661,-54.138
0.586,-0.756,0.744,132.935,-87.646,-53.040
0.525,-0.743,0.742,121.216,-84.595,-50.354
0.468,-0.730,0.734,110.046,-79.773,-46.875
0.437,-0.722,0.723,99.609,-72.144,-42.969
0.422,-0.724,0.706,90.759,-62.256,-38.513
0.401,-0.728,0.690,84.717,-51.208,-34.790
0.380,-0.733,0.674,80.627,-39.307,-32.166
0.371,-0.742,0.666,78.003,-27.100,-30.090
0.371,-0.745,0.667,76.233,-15.320,-27.893
0.369,-0.737,0.674,73.669,-4.333,-25.513
0.366,-0.722,0.671,70.190,5.676,-22.888
0.378,-0.717,0.674,66.040,14.404,-19.958
0.381,-0.708,0.659,60.974,21.484,-16.907
0.402,-0.709,0.661,55.115,28.748,-13.489
0.431,-0.719,0.663,49.133,33.508,-10.071
0.462,-0.722,0.672,43.030,35.339,-7.690
0.467,-0.715,0.647,37.598,34.912,-5.554
0.492,-0.734,0.650,32.959,34.363,-3.662
0.511,-0.723,0.658,27.466,31.555,-3.235
0.537,-0.725,0.653,21.545,26.855,-2.747
0.549,-0.729,0.642,15.991,21.667,-2.808
0.562,-0.739,0.644,11.353,16.479,-2.930
0.564,-0.754,0.632,7.324,10.559,-2.502
0.555,-0.766,0.619,4.150,5.127,-1.892
0.547,-0.782,0.610,2.319,1.953,-1.282
0.546,-0.797,0.607,2.258,0.061,-1.282
0.550,-0.797,0.614,4.578,-0.244,-1.831
0.550,-0.780,0.622,8.667,-0.305,-2.197
0.551,-0.759,0.628,13.733,-0.549,-1.587
0.546,-0.727,0.623,18.982,-1.343,-0.488
0.542,-0.700,0.619,23.010,-2.380,2.136
0.527,-0.679,0.607,25.696,-3.967,5.920
0.503,-0.669,0.591,25.818,-5.066,10.376
0.469,-0.668,0.573,23.071,-5.920,15.259
0.432,-0.671,0.556,18.005,-5.859,20.691
0.404,-0.680,0.541,11.902,-4.089,25.269
0.398,-0.707,0.530,4.272,-0.854,28.442
0.401,-0.732,0.521,-3.784,3.479,29.480
0.406,-0.732,0.509,-12.695,8.179,28.381
0.422,-0.733,0.494,-21.362,12.512,26.062
0.452,-0.743,0.481,-29.724,16.357,22.888
0.480,-0.755,0.470,-36.682,18.799,19.165
0.512,-0.766,0.466,-41.992,19.897,15.442
0.550,-0.780,0.469,-44.434,19.897,11.292
0.593,-0.790,0.476,-43.884,18.921,6.287
0.638,-0.802,0.490,-40.344,16.541,0.854
0.679,-0.815,0.507,-34.241,12.634,-3.967
0.709,-0.830,0.528,-26.062,6.775,-8.667
0.723,-0.843,0.541,-17.822,0.488,-12.939
0.715,-0.863,0.548,-9.644,-6.409,-16.235
0.688,-0.882,0.551,-2.502,-12.146,-18.066
0.654,-0.877,0.547,2.136,-15.869,-19.409
0.618,-0.851,0.544,4.578,-16.663,-20.264
0.582,-0.815,0.530,5.066,-14.404,-20.447
0.544,-0.776,0.508,2.930,-9.277,-19.592
0.508,-0.739,0.485,-1.282,-2.136,-18.311
0.474,-0.705,0.464,-6.958,7.141,-15.686
0.452,-0.674,0.445,-13.977,17.639,-12.512
0.442,-0.641,0.430,-20.874,28.320,-9.033
0.437,-0.603,0.420,-27.283,38.391,-5.859
0.443,-0.568,0.412,-33.081,47.546,-3.357
0.459,-0.539,0.409,-37.537,55.359,-1.160
0.473,-0.510,0.403,-41.321,60.791,1.038
0.489,-0.488,0.399,-44.495,63.904,2.991
0.508,-0.476,0.394,-46.936,64.514,4.517
0.528,-0.468,0.390,-49.072,63.049,5.310
0.557,-0.466,0.393,-50.415,60.242,5.798
0.588,-0.470,0.405,-51.941,55.786,6.287
0.650,-0.508,0.463,-55.115,49.622,7.690
0.757,-0.593,0.550,-62.988,41.626,11.841
0.797,-0.671,0.572,-78.491,28.442,19.897
0.746,-0.748,0.545,-101.135,11.658,27.405
0.646,-0.800,0.493,-127.869,-1.038,30.762

0.898,-4.000,4.000,254.700,111.877,-139.587
3.192,-3.680,3.906,-104.248,82.275,-112.061
1.992,-0.418,2.471,-309.570,96.436,171.387
0.871,0.537,1.545,-382.629,168.701,136.841
0.210,-0.052,0.794,-316.711,149.231,91.736
0.146,-0.596,0.428,-217.346,102.539,116.394
0.052,-0.669,-0.200,-174.805,59.021,121.399
0.029,-0.442,-0.063,-170.959,76.233,113.770
-0.064,-0.393,0.062,-175.903,79.041,117.065
-0.128,-0.470,0.001,-171.448,66.223,113.831
0.024,-0.448,-0.035,-163.452,62.622,107.117
0.206,-0.364,-0.170,-148.804,52.185,104.797
0.237,-0.247,-0.209,-134.827,43.518,100.037
0.181,-0.221,-0.089,-125.488,39.124,94.543
0.096,-0.270,-0.053,-120.239,27.283,87.769
0.057,-0.173,-0.049,-120.239,13.672,78.674
0.080,-0.037,-0.051,-122.314,2.136,73.853
0.078,0.038,-0.056,-120.483,-7.812,71.472
0.020,0.076,-0.079,-113.525,-15.625,67.200
-0.006,0.115,-0.083,-102.905,-20.264,61.340
-0.007,0.165,-0.080,-87.280,-21.240,54.504
-0.008,0.195,-0.089,-66.833,-19.287,46.021
-0.003,0.201,-0.077,-43.884,-13.672,36.804
0.015,0.189,-0.046,-20.020,-6.287,27.161
0.047,0.151,0.004,3.479,1.587,16.174
0.085,0.097,0.066,25.635,9.460,4.639
0.146,0.036,0.119,46.509,16.479,-6.165
0.245,-0.047,0.192,65.430,22.522,-16.052
0.363,-0.091,0.268,82.336,25.879,-27.039
0.482,-0.147,0.330,97.656,26.428,-36.987
0.597,-0.237,0.399,112.854,26.123,-43.884
0.676,-0.304,0.472,123.840,24.109,-50.110
0.694,-0.363,0.510,131.287,18.433,-54.382
0.690,-0.380,0.546,135.376,10.498,-56.885
0.677,-0.387,0.557,137.268,2.197,-56.580
0.652,-0.380,0.550,136.902,-5.310,-54.932
0.624,-0.379,0.529,135.132,-10.742,-52.124
0.619,-0.384,0.522,132.080,-13.733,-47.424
0.625,-0.412,0.514,128.845,-15.442,-41.931
0.624,-0.446,0.500,125.610,-17.151,-37.292
0.598,-0.474,0.490,122.620,-16.846,-34.058
0.586,-0.497,0.494,120.117,-14.038,-31.677
0.609,-0.524,0.512,118.408,-9.888,-29.968
0.634,-0.542,0.539,116.760,-6.958,-28.381
0.633,-0.548,0.552,115.295,-6.592,-26.978
0.607,-0.538,0.544,113.892,-7.935,-26.489
0.576,-0.528,0.534,112.366,-8.728,-26.672
0.552,-0.544,0.517,111.816,-7.568,-27.771
0.559,-0.575,0.506,111.694,-3.113,-30.945
0.584,-0.615,0.505,112.183,3.662,-36.072
0.610,-0.649,0.513,112.488,11.169,-41.931
0.640,-0.682,0.532,112.793,17.761,-46.997
0.695,-0.710,0.550,113.342,21.423,-51.392
0.752,-0.730,0.580,113.403,21.667,-54.138
0.795,-0.730,0.601,112.427,18.494,-54.504
0.828,-0.724,0.612,111.084,10.376,-52.551
0.837,-0.717,0.619,108.521,-0.305,-48.340
0.823,-0.708,0.613,105.469,-11.902,-43.091
0.794,-0.701,0.595,102.112,-23.376,-37.537
0.765,-0.712,0.576,98.145,-32.654,-32.166
0.702,-0.696,0.567,92.712,-37.537,-27.039
0.696,-0.741,0.591,87.463,-37.354,-21.667
0.688,-0.752,0.584,80.566,-37.842,-18.616
0.651,-0.787,0.558,73.425,-36.316,-15.686
0.639,-0.807,0.588,65.674,-30.945,-14.038
0.646,-0.820,0.586,58.655,-27.344,-12.451
0.650,-0.840,0.583,51.880,-23.315,-11.108
0.664,-0.859,0.598,46.326,-18.127,-10.437
0.695,-0.875,0.607,41.931,-14.221,-10.681
0.730,-0.873,0.622,38.452,-11.536,-11.719
0.754,-0.847,0.631,35.767,-10.620,-12.390
0.769,-0.814,0.634,34.363,-11.597,-11.475
0.774,-0.773,0.623,32.593,-14.343,-8.728
0.754,-0.720,0.605,29.846,-18.372,-4.272
0.720,-0.671,0.580,25.757,-22.766,1.892
0.668,-0.629,0.543,20.569,-27.222,9.827
0.606,-0.593,0.507,14.038,-29.785,18.433
0.545,-0.574,0.477,7.202,-29.968,26.855
0.501,-0.573,0.452,0.183,-27.649,33.997
0.472,-0.584,0.433,-7.202,-23.132,39.063
0.456,-0.599,0.416,-14.526,-16.907,41.443
0.451,-0.613,0.399,-21.362,-10.193,41.138
0.457,-0.635,0.387,-27.954,-3.296,38.818
0.484,-0.667,0.379,-34.241,4.395,34.851
0.531,-0.704,0.382,-39.368,11.475,29.419
0.588,-0.738,0.392,-42.236,16.907,22.400
0.646,-0.760,0.399,-43.274,19.775,14.099
0.691,-0.762,0.405,-42.053,19.592,5.493
0.710,-0.747,0.403,-39.795,17.029,-2.136
0.710,-0.727,0.394,-36.804,13.306,-7.568
0.696,-0.716,0.376,-34.607,9.766,-10.803
0.672,-0.711,0.352,-32.471,7.996,-12.268
0.647,-0.708,0.330,-30.884,8.789,-12.695
0.621,-0.702,0.308,-29.785,12.573,-12.756
0.626,-0.704,0.295,-28.809,19.043,-13.000
0.680,-0.723,0.308,-27.100,27.039,-13.733
0.728,-0.725,0.327,-24.536,32.227,-14.709
0.765,-0.717,0.346,-21.301,32.776,-15.686
0.802,-0.701,0.365,-17.395,28.259,-15.564
0.833,-0.687,0.386,-12.451,18.738,-13.733
0.820,-0.671,0.394,-6.287,4.761,-10.376
0.777,-0.648,0.393,0.000,-10.681,-5.798
0.730,-0.622,0.391,6.409,-25.818,-0.671
0.656,-0.597,0.396,13.489,-38.330,5.127
0.567,-0.580,0.394,21.118,-46.936,10.132
0.486,-0.574,0.398,27.893,-50.659,13.245
0.419,-0.578,0.405,33.203,-48.340,14.099
0.388,-0.584,0.411,34.729,-41.077,12.512
0.387,-0.586,0.434,33.081,-31.616,9.583
0.403,-0.591,0.482,30.457,-21.912,5.615
0.469,-0.616,0.546,27.954,-16.296,0.366
0.537,-0.659,0.606,24.414,-17.395,-6.226
0.600,-0.728,0.670,18.127,-24.292,-14.832
0.647,-0.783,0.710,6.897,-36.438,-25.513
0.682,-0.823,0.727,-7.690,-51.453,-37.292
0.713,-0.864,0.767,-24.414,-64.026,-48.096
0.750,-0.907,0.820,-41.321,-74.585,-56.091
0.750,-0.928,0.835,-57.678,-84.229,-61.279
0.680,-0.913,0.806,-73.669,-91.187,-63.049

0.841,-4.000,4.000,217.468,65.857,19.958
3.097,-4.000,4.000,-22.095,93.567,-73.669
2.352,-1.217,2.656,-259.460,-55.542,120.300
1.091,0.298,1.610,-333.130,20.508,180.115
0.524,0.140,0.928,-287.903,71.655,123.596
0.132,-0.305,0.287,-189.819,55.786,110.413
0.275,-0.606,0.306,-122.192,31.006,111.877
0.369,-0.726,0.048,-101.135,-3.174,104.858
0.172,-0.507,-0.000,-106.873,-18.311,87.158
-0.072,-0.429,0.012,-109.619,-15.930,86.548
-0.177,-0.397,-0.065,-99.304,-14.648,90.332
0.004,-0.273,-0.022,-86.365,-5.981,88.379
0.028,-0.267,-0.176,-73.425,-3.967,87.463
-0.047,-0.209,-0.166,-69.519,3.357,79.651
-0.142,-0.141,-0.172,-69.824,14.526,71.533
-0.135,-0.090,-0.150,-69.458,27.161,67.932
-0.097,-0.052,-0.152,-70.313,39.734,66.284
-0.063,-0.020,-0.133,-70.007,52.551,63.965
-0.043,0.030,-0.090,-67.078,63.049,60.059
-0.010,0.088,-0.044,-62.378,69.946,55.359
0.025,0.134,-0.005,-57.007,74.036,50.720
0.058,0.157,0.021,-49.866,75.012,45.349
0.102,0.165,0.055,-39.429,73.181,38.330
0.142,0.157,0.080,-27.039,69.214,28.870
0.166,0.154,0.097,-13.306,63.354,16.907
0.191,0.133,0.130,1.953,57.373,4.700
0.243,0.093,0.181,18.372,51.392,-6.836
0.310,0.035,0.235,36.011,43.762,-19.104
0.393,-0.022,0.291,53.040,34.424,-31.616
0.508,-0.097,0.354,68.970,23.743,-43.152
0.658,-0.188,0.422,83.984,11.292,-54.077
0.786,-0.268,0.480,96.619,-3.479,-63.660
0.842,-0.324,0.518,106.079,-20.569,-70.862
0.852,-0.365,0.542,112.915,-39.063,-74.951
0.869,-0.405,0.572,117.676,-57.495,-76.538
0.873,-0.416,0.587,120.667,-75.989,-77.026
0.877,-0.432,0.579,123.413,-93.750,-75.806
0.850,-0.443,0.560,125.244,-109.131,-73.914
0.813,-0.464,0.553,127.014,-120.361,-71.045
0.767,-0.471,0.550,128.418,-128.479,-69.092
0.725,-0.472,0.545,130.249,-133.484,-66.956
0.697,-0.498,0.540,134.155,-135.437,-65.125
0.659,-0.547,0.536,140.869,-134.399,-66.406
0.604,-0.592,0.524,149.963,-129.883,-71.655
0.571,-0.623,0.524,159.851,-120.911,-78.186
0.552,-0.652,0.553,168.701,-108.337,-81.787
0.521,-0.675,0.570,173.889,-95.947,-81.543
0.491,-0.689,0.569,175.842,-85.388,-79.468
0.463,-0.693,0.566,174.805,-74.829,-75.073
0.440,-0.693,0.558,171.875,-63.843,-68.787
0.426,-0.698,0.544,167.664,-53.223,-61.279
0.415,-0.712,0.535,162.170,-41.870,-53.162
0.398,-0.724,0.532,154.968,-30.029,-44.373
0.380,-0.725,0.532,147.217,-18.311,-35.583
0.372,-0.728,0.536,138.733,-7.629,-27.222
0.386,-0.754,0.554,129.456,2.075,-18.921
0.424,-0.789,0.575,119.446,10.071,-11.597
0.454,-0.809,0.594,109.314,15.625,-5.981
0.471,-0.816,0.610,97.900,18.860,-2.380
0.484,-0.822,0.617,85.999,19.592,0.916
0.497,-0.825,0.615,73.425,18.799,3.540
0.508,-0.826,0.624,60.669,17.334,5.920
0.482,-0.794,0.581,48.035,14.709,7.751
0.491,-0.820,0.601,36.682,14.282,10.376
0.490,-0.806,0.599,25.085,13.062,11.902
0.491,-0.818,0.575,14.160,10.986,13.611
0.490,-0.828,0.580,3.784,10.559,14.221
0.488,-0.846,0.559,-5.676,9.033,14.893
0.497,-0.875,0.546,-14.160,7.446,14.648
0.499,-0.889,0.528,-21.729,6.287,13.489
0.500,-0.896,0.515,-27.222,5.615,12.268
0.521,-0.901,0.522,-30.273,5.432,10.437
0.547,-0.893,0.525,-31.555,4.395,8.728
0.552,-0.867,0.518,-31.982,1.892,7.629
0.553,-0.847,0.510,-30.701,-0.732,7.751
0.560,-0.833,0.507,-28.259,-3.296,8.789
0.554,-0.809,0.508,-24.536,-6.104,10.559
0.533,-0.778,0.515,-19.165,-9.216,13.367
0.509,-0.744,0.518,-12.939,-12.878,17.517
0.487,-0.708,0.514,-6.653,-17.029,21.973
0.455,-0.677,0.502,-2.075,-20.874,26.367
0.420,-0.656,0.484,0.366,-24.109,30.396
0.392,-0.651,0.463,0.916,-25.818,33.508
0.370,-0.655,0.445,-0.793,-25.208,35.339
0.359,-0.654,0.427,-4.761,-22.522,35.645
0.359,-0.652,0.415,-10.315,-18.372,34.607
0.365,-0.658,0.407,-15.747,-13.306,32.593
0.388,-0.683,0.403,-21.179,-7.568,30.640
0.434,-0.719,0.404,-25.024,-2.258,28.198
0.482,-0.745,0.405,-26.794,2.136,24.780
0.530,-0.763,0.419,-26.672,5.249,20.996
0.584,-0.781,0.415,-24.292,6.958,16.724
0.618,-0.765,0.415,-21.118,6.714,12.512
0.615,-0.760,0.426,-16.724,6.226,9.155
0.611,-0.778,0.428,-12.024,6.409,6.226
0.606,-0.788,0.427,-7.080,7.935,3.540
0.591,-0.783,0.422,-1.648,11.292,1.526
0.575,-0.781,0.420,3.113,16.541,0.244
0.576,-0.790,0.420,7.141,23.254,-0.916
0.589,-0.784,0.431,10.193,30.579,-2.136
0.589,-0.755,0.443,13.428,36.194,-3.052
0.600,-0.735,0.459,15.442,39.734,-3.357
0.604,-0.724,0.467,15.869,40.039,-3.479
0.582,-0.712,0.466,14.282,37.598,-3.601
0.544,-0.698,0.452,10.803,33.203,-3.418
0.501,-0.680,0.430,5.493,29.419,-2.991
0.455,-0.665,0.408,-0.183,26.855,-2.075
0.413,-0.657,0.384,-6.470,26.306,-0.732
0.370,-0.652,0.359,-13.489,28.442,0.732
0.336,-0.662,0.340,-20.325,33.569,1.953
0.321,-0.679,0.331,-27.771,40.894,3.113
0.320,-0.684,0.322,-36.255,49.438,3.906
0.338,-0.697,0.327,-45.044,57.922,3.845
0.377,-0.726,0.345,-54.993,64.819,2.869
0.440,-0.753,0.375,-68.420,68.420,1.892
0.525,-0.783,0.422,-87.219,67.444,1.770
0.640,-0.807,0.449,-112.610,61.584,3.906
0.718,-0.837,0.436,-143.921,51.208,9.399
0.697,-0.875,0.362,-178.528,40.710,16.846

1.247,-4.000,4.000,128.174,203.125,-107.117
3.475,-2.188,3.845,-260.864,280.212,-29.846
2.581,-0.121,2.492,-367.126,137.146,217.773
1.442,0.083,1.399,-391.846,147.827,189.453
0.679,-0.077,0.639,-294.800,108.215,150.208
0.574,-0.316,0.306,-173.401,74.829,136.169
0.541,-0.332,0.079,-99.182,53.284,102.051
0.545,-0.390,0.240,-67.688,44.739,70.801
0.819,-0.517,0.396,-61.890,13.123,52.551
0.523,-0.587,-0.131,-72.998,-52.795,36.255
0.188,-0.431,-0.175,-87.341,-69.824,28.748
0.005,-0.268,-0.057,-95.337,-69.702,40.527
0.013,-0.229,-0.056,-94.543,-72.266,46.509
-0.066,-0.269,-0.201,-93.506,-66.223,42.419
-0.054,-0.226,0.022,-98.083,-39.063,37.415
-0.012,-0.115,0.195,-101.135,-17.517,35.828
0.039,-0.025,0.193,-102.295,-8.423,34.912
0.076,0.016,0.174,-99.731,-0.793,33.997
0.114,0.052,0.190,-92.285,7.263,30.884
0.162,0.073,0.192,-80.444,11.841,27.161
0.216,0.067,0.192,-65.125,14.282,21.912
0.257,0.062,0.224,-48.462,15.259,14.343
0.286,0.027,0.254,-31.799,14.221,5.920
0.328,-0.021,0.301,-15.869,11.047,-3.784
0.351,-0.063,0.316,-1.404,5.066,-13.611
0.389,-0.110,0.337,12.512,-0.671,-24.231
0.444,-0.169,0.368,24.597,-5.798,-33.997
0.483,-0.208,0.406,32.837,-11.047,-40.894
0.516,-0.245,0.431,36.499,-15.808,-44.189
0.566,-0.284,0.465,37.964,-18.311,-46.021
0.623,-0.328,0.502,38.513,-19.043,-48.462
0.662,-0.357,0.532,38.635,-18.921,-52.185
0.696,-0.366,0.553,38.818,-18.494,-56.396
0.743,-0.370,0.565,40.283,-17.944,-60.059
0.770,-0.381,0.562,42.175,-16.357,-61.951
0.755,-0.391,0.548,43.701,-14.771,-61.462
0.715,-0.394,0.526,44.617,-12.024,-59.570
0.689,-0.393,0.508,45.410,-7.935,-56.946
0.670,-0.383,0.500,46.814,-2.808,-53.040
0.640,-0.381,0.476,49.194,1.892,-47.424
0.600,-0.388,0.451,51.880,6.409,-40.955
0.568,-0.400,0.435,54.443,11.292,-34.363
0.553,-0.408,0.432,56.458,16.113,-28.931
0.556,-0.414,0.446,58.411,20.081,-25.330
0.571,-0.422,0.465,61.707,22.400,-24.048
0.592,-0.438,0.483,66.589,23.010,-24.719
0.600,-0.461,0.482,72.021,22.339,-26.184
0.587,-0.482,0.478,76.782,20.630,-27.466
0.598,-0.502,0.486,80.200,19.287,-28.870
0.628,-0.526,0.503,82.520,18.066,-30.762
0.636,-0.536,0.513,83.252,16.479,-32.410
0.628,-0.540,0.509,82.153,14.771,-33.325
0.624,-0.544,0.501,78.918,13.611,-33.020
0.631,-0.552,0.493,75.500,13.428,-31.921
0.651,-0.574,0.483,72.449,13.977,-30.151
0.657,-0.599,0.479,68.481,15.991,-27.161
0.657,-0.611,0.480,63.293,18.677,-24.048
0.664,-0.607,0.486,57.739,22.034,-21.484
0.705,-0.620,0.500,53.101,25.024,-19.470
0.704,-0.610,0.491,48.584,26.428,-18.616
0.725,-0.603,0.519,44.739,29.297,-17.334
0.769,-0.620,0.523,41.565,27.771,-16.052
0.816,-0.642,0.536,38.757,23.071,-15.625
0.835,-0.651,0.542,35.461,16.174,-15.198
0.829,-0.656,0.546,32.654,7.690,-13.855
0.830,-0.693,0.543,30.579,-1.465,-11.719
0.824,-0.727,0.521,28.809,-9.644,-10.803
0.813,-0.760,0.524,28.015,-14.343,-10.864
0.799,-0.771,0.532,27.222,-16.296,-11.475
0.776,-0.753,0.523,25.879,-16.602,-12.390
0.761,-0.730,0.524,25.024,-14.465,-12.268
0.777,-0.721,0.533,24.780,-11.475,-11.414
0.806,-0.713,0.541,25.391,-8.911,-10.437
0.821,-0.693,0.546,26.001,-7.629,-8.667
0.816,-0.672,0.540,26.001,-8.240,-5.310
0.792,-0.650,0.530,24.780,-10.864,-0.549
0.750,-0.626,0.520,22.522,-14.771,6.409
0.701,-0.608,0.506,19.409,-19.226,14.954
0.644,-0.596,0.490,15.198,-23.193,23.560
0.583,-0.586,0.472,9.949,-26.062,31.189
0.526,-0.579,0.452,4.333,-27.893,36.926
0.490,-0.569,0.443,-1.709,-27.527,40.527
0.478,-0.563,0.447,-7.507,-25.757,42.053
0.483,-0.558,0.451,-12.756,-23.926,41.626
0.493,-0.556,0.453,-17.761,-23.193,39.612
0.516,-0.558,0.460,-22.339,-23.621,36.621
0.557,-0.580,0.465,-26.611,-25.513,33.325
0.612,-0.611,0.473,-30.640,-29.114,29.358
0.671,-0.645,0.479,-32.288,-34.790,24.292
0.714,-0.665,0.486,-31.555,-41.931,17.456
0.728,-0.670,0.487,-29.114,-49.133,10.071
0.728,-0.674,0.483,-25.269,-55.420,2.930
0.748,-0.693,0.492,-20.508,-59.265,-3.418
0.767,-0.711,0.498,-14.709,-60.669,-9.949
0.763,-0.716,0.501,-9.583,-60.181,-15.686
0.749,-0.718,0.507,-5.493,-57.373,-19.165
0.738,-0.715,0.505,-3.296,-52.185,-20.691
0.739,-0.709,0.501,-2.014,-45.044,-20.569
0.729,-0.693,0.498,-2.686,-36.255,-18.982
0.708,-0.665,0.490,-4.578,-26.611,-16.357
0.698,-0.635,0.483,-6.775,-16.235,-13.000
0.688,-0.603,0.472,-9.460,-6.470,-9.094
0.672,-0.568,0.459,-12.085,2.380,-4.761
0.650,-0.543,0.443,-13.794,10.498,-0.916
0.646,-0.528,0.431,-15.442,17.151,2.930
0.635,-0.514,0.416,-16.663,21.667,5.920
0.612,-0.505,0.403,-16.418,24.841,7.935
0.591,-0.501,0.386,-16.113,27.100,9.644
0.579,-0.496,0.375,-15.442,28.503,10.620
0.569,-0.482,0.359,-14.587,28.931,10.620
0.569,-0.469,0.344,-14.099,29.114,10.132
0.582,-0.458,0.319,-14.160,28.931,8.728
0.604,-0.444,0.286,-15.442,28.809,5.798
0.632,-0.432,0.251,-17.944,29.602,1.953
0.659,-0.421,0.207,-21.301,31.189,-2.075
0.683,-0.414,0.166,-24.902,33.630,-5.737
0.715,-0.417,0.136,-28.503,37.231,-9.094
0.759,-0.431,0.124,-30.640,41.260,-11.902
0.798,-0.444,0.127,-29.907,44.800,-13.489

3.033,-3.668,4.000,-228.821,-46.997,-121.399
2.081,-1.771,2.682,-391.052,-51.819,142.700
0.514,-0.497,1.716,-465.759,53.650,166.626
-0.151,-0.647,1.191,-389.404,98.145,110.352
0.013,-0.965,0.505,-265.808,121.094,80.872
0.055,-0.926,0.103,-187.744,135.803,54.382
0.021,-0.935,0.136,-149.902,172.668,51.392
-0.052,-0.826,0.111,-146.790,190.125,56.824
-0.047,-0.750,-0.074,-156.921,190.430,66.956
0.015,-0.693,-0.196,-159.546,196.045,78.613
0.016,-0.520,-0.191,-159.241,202.393,88.379
-0.004,-0.356,-0.094,-157.776,199.585,93.323
-0.022,-0.249,-0.057,-154.114,183.044,93.323
-0.024,-0.228,-0.114,-145.630,160.461,91.980
0.035,-0.203,-0.149,-137.512,141.235,88.623
0.081,-0.140,-0.170,-131.226,124.756,87.646
0.118,-0.054,-0.141,-125.244,107.666,89.050
0.176,-0.001,-0.086,-119.385,86.548,93.567
0.226,0.031,-0.043,-113.464,60.791,97.717
0.238,0.068,-0.021,-107.605,32.043,100.891
0.228,0.110,-0.009,-100.586,3.357,102.600
0.207,0.149,-0.021,-91.431,-23.071,101.318
0.176,0.184,-0.034,-79.529,-45.776,95.581
0.153,0.204,-0.036,-65.308,-63.538,86.670
0.143,0.191,-0.041,-47.791,-76.111,75.256
0.141,0.148,-0.042,-26.367,-82.947,60.791
0.141,0.104,-0.025,-3.967,-85.083,43.213
0.151,0.068,0.008,18.738,-82.886,24.658
0.184,0.029,0.059,42.725,-77.393,5.371
0.237,-0.013,0.112,67.871,-68.542,-13.123
0.313,-0.069,0.169,92.285,-57.556,-29.419
0.414,-0.135,0.237,115.723,-45.532,-42.847
0.525,-0.213,0.309,136.108,-33.630,-52.307
0.612,-0.276,0.372,152.039,-23.132,-56.519
0.657,-0.318,0.424,164.124,-15.991,-56.580
0.671,-0.345,0.474,173.340,-13.489,-54.077
0.685,-0.355,0.508,180.725,-14.587,-50.537
0.703,-0.348,0.533,187.683,-18.738,-46.326
0.713,-0.346,0.544,194.275,-25.330,-40.955
0.707,-0.364,0.538,200.989,-33.752,-34.851
0.695,-0.401,0.517,207.947,-43.274,-27.893
0.687,-0.458,0.500,215.271,-53.711,-22.156
0.683,-0.524,0.484,223.206,-64.453,-19.592
0.672,-0.579,0.472,230.591,-75.012,-20.752
0.658,-0.634,0.481,235.229,-83.130,-22.949
0.625,-0.687,0.489,236.633,-89.172,-25.696
0.585,-0.729,0.492,234.741,-92.896,-30.701
0.547,-0.765,0.500,230.225,-93.140,-37.537
0.527,-0.780,0.499,222.534,-89.539,-45.837
0.522,-0.797,0.508,212.708,-82.520,-54.199
0.504,-0.817,0.522,199.951,-73.242,-61.462
0.484,-0.828,0.537,185.181,-63.477,-67.566
0.479,-0.842,0.550,169.617,-53.162,-71.777
0.493,-0.863,0.569,153.931,-43.335,-73.730
0.505,-0.885,0.586,137.390,-34.729,-74.219
0.505,-0.899,0.599,121.155,-27.466,-72.632
0.497,-0.907,0.609,105.286,-20.996,-69.458
0.474,-0.900,0.617,90.088,-14.648,-65.247
0.480,-0.906,0.609,76.172,-8.789,-59.753
0.468,-0.896,0.591,62.988,-2.502,-54.810
0.475,-0.905,0.594,51.270,7.507,-48.218
0.497,-0.917,0.596,40.100,16.724,-42.664
0.526,-0.905,0.593,28.687,24.719,-38.086
0.541,-0.881,0.584,18.311,31.555,-32.349
0.564,-0.866,0.580,8.667,37.292,-25.635
0.602,-0.851,0.575,-0.305,39.917,-19.470
0.612,-0.832,0.545,-8.789,40.344,-13.184
0.593,-0.808,0.524,-16.113,40.833,-7.141
0.566,-0.779,0.494,-22.461,41.504,-2.014
0.549,-0.752,0.474,-27.771,43.579,2.930
0.542,-0.739,0.457,-32.349,46.448,7.935
0.543,-0.742,0.444,-37.354,49.194,12.024
0.541,-0.734,0.439,-42.297,51.453,14.832
0.543,-0.729,0.436,-46.448,52.734,17.029
0.564,-0.738,0.439,-49.622,52.856,18.555
0.595,-0.753,0.446,-51.941,50.842,19.043
0.616,-0.767,0.439,-54.199,46.814,18.616
0.636,-0.795,0.432,-55.542,41.870,18.250
0.660,-0.825,0.430,-55.115,36.560,16.663
0.677,-0.834,0.431,-53.772,31.555,13.977
0.687,-0.830,0.435,-50.476,27.039,11.230
0.697,-0.820,0.446,-45.776,22.766,8.545
0.703,-0.804,0.460,-39.795,19.043,6.531
0.708,-0.777,0.482,-32.471,15.320,5.737
0.707,-0.747,0.493,-23.926,11.047,6.470
0.703,-0.722,0.501,-15.930,7.019,8.362
0.703,-0.710,0.501,-8.606,2.686,10.742
0.693,-0.702,0.497,-2.319,-1.648,13.367
0.670,-0.692,0.490,1.892,-5.615,16.357
0.640,-0.684,0.484,3.601,-9.033,19.775
0.608,-0.677,0.475,3.784,-11.169,23.132
0.585,-0.676,0.469,1.831,-11.414,26.489
0.556,-0.677,0.456,-1.892,-9.888,28.931
0.523,-0.684,0.436,-6.958,-5.981,30.640
0.501,-0.683,0.418,-13.367,0.610,31.860
0.494,-0.676,0.406,-21.057,9.705,32.593
0.501,-0.665,0.397,-29.297,19.226,32.776
0.526,-0.668,0.396,-37.109,28.809,32.288
0.564,-0.676,0.398,-44.006,36.743,31.006
0.606,-0.674,0.399,-49.744,41.870,28.687
0.656,-0.674,0.400,-53.467,43.823,25.391
0.698,-0.675,0.404,-55.725,42.358,21.484
0.731,-0.674,0.411,-56.213,37.415,17.273
0.749,-0.668,0.409,-54.993,29.968,13.000
0.756,-0.659,0.406,-52.368,21.362,8.606
0.764,-0.657,0.413,-48.035,12.695,4.639
0.767,-0.655,0.418,-42.358,3.906,0.549
0.762,-0.637,0.419,-35.889,-4.028,-3.052
0.745,-0.607,0.426,-28.687,-10.864,-6.287
0.719,-0.568,0.431,-22.278,-16.296,-8.850
0.677,-0.520,0.415,-15.930,-20.325,-9.888
0.638,-0.483,0.410,-10.071,-21.423,-9.888
0.610,-0.453,0.409,-4.700,-20.569,-9.216
0.585,-0.429,0.404,0.122,-18.677,-7.996
0.569,-0.414,0.409,4.150,-15.564,-6.165
0.562,-0.414,0.418,7.568,-11.841,-4.272
0.558,-0.426,0.430,10.559,-8.301,-3.174
0.554,-0.434,0.438,12.512,-5.188,-2.502
0.558,-0.447,0.445,13.428,-2.380,-2.136

2.267,-4.000,4.000,-3.418,421.631,-109.070
4.000,-1.755,2.220,-234.985,372.498,63.477
2.609,1.629,1.274,-274.841,466.125,303.162
1.479,1.307,0.924,-154.480,502.686,154.175
1.045,-0.131,0.678,5.798,385.620,81.543
0.690,-1.137,0.404,52.246,241.638,105.042
0.486,-1.354,0.132,9.521,123.413,105.042
0.318,-0.785,0.067,-59.204,46.936,92.468
0.591,-0.265,0.355,-96.558,-5.493,82.520
0.881,-0.337,-0.053,-95.215,-87.158,71.960
0.678,-0.359,-0.417,-87.341,-147.522,59.082
0.496,-0.381,-0.254,-88.318,-161.926,64.880
0.207,-0.377,-0.236,-91.003,-182.556,70.313
0.053,-0.149,-0.095,-94.421,-192.932,60.486
0.040,-0.085,-0.074,-96.130,-195.923,57.007
0.012,-0.136,-0.152,-97.351,-189.331,49.500
0.051,0.096,-0.014,-99.060,-164.978,37.048
0.038,-0.001,-0.091,-91.858,-145.386,39.551
0.019,0.030,-0.101,-83.191,-122.986,28.076
0.021,0.032,-0.092,-70.496,-91.187,19.592
0.089,0.030,-0.045,-53.894,-60.120,9.094
0.171,0.028,-0.005,-34.180,-32.410,-2.380
0.241,0.004,0.045,-12.268,-8.240,-12.268
0.305,-0.025,0.105,9.949,11.780,-21.179
0.364,-0.065,0.147,31.738,26.917,-28.564
0.449,-0.089,0.229,52.002,38.574,-33.936
0.553,-0.197,0.303,70.007,45.044,-37.048
0.618,-0.209,0.334,83.679,45.166,-41.687
0.662,-0.273,0.352,96.008,44.556,-39.856
0.732,-0.354,0.409,106.201,43.274,-38.757
0.816,-0.435,0.472,114.197,38.269,-39.917
0.881,-0.473,0.510,119.690,27.100,-42.603
0.921,-0.484,0.527,122.314,13.245,-43.762
0.943,-0.502,0.549,122.131,-1.160,-41.382
0.918,-0.507,0.554,118.652,-16.846,-38.574
0.856,-0.496,0.531,113.342,-32.654,-35.095
0.800,-0.496,0.516,106.812,-45.044,-30.884
0.708,-0.455,0.500,99.548,-52.734,-26.550
0.704,-0.489,0.523,92.957,-56.335,-19.592
0.659,-0.491,0.501,85.449,-61.584,-15.015
0.611,-0.521,0.472,79.712,-62.683,-10.925
0.527,-0.481,0.476,74.768,-57.922,-11.597
0.515,-0.481,0.512,72.571,-49.316,-11.108
0.501,-0.470,0.507,71.655,-40.833,-12.390
0.519,-0.489,0.526,72.083,-30.701,-13.916
0.534,-0.501,0.539,73.853,-21.118,-17.578
0.536,-0.504,0.535,76.294,-12.268,-22.522
0.533,-0.495,0.538,78.552,-3.784,-27.344
0.545,-0.491,0.541,79.651,4.150,-30.151
0.551,-0.489,0.539,79.651,11.353,-31.982
0.570,-0.502,0.543,79.163,18.433,-32.471
0.586,-0.507,0.549,77.820,24.109,-32.654
0.593,-0.497,0.557,74.890,28.076,-32.349
0.616,-0.511,0.546,70.740,29.480,-30.518
0.624,-0.499,0.554,65.063,30.640,-27.832
0.666,-0.528,0.548,59.082,30.273,-23.682
0.683,-0.535,0.527,51.697,26.794,-21.851
0.625,-0.534,0.458,43.579,26.550,-18.860
0.625,-0.546,0.460,37.109,31.799,-15.930
0.678,-0.575,0.490,31.677,37.048,-14.404
0.735,-0.600,0.502,27.466,39.246,-12.756
0.782,-0.632,0.510,25.391,39.917,-12.085
0.845,-0.680,0.544,26.001,39.429,-12.817
0.903,-0.712,0.578,28.870,36.438,-14.954
0.952,-0.717,0.609,33.264,29.724,-16.846
0.985,-0.719,0.629,39.490,19.470,-17.334
1.000,-0.714,0.649,46.509,7.446,-16.113
0.997,-0.711,0.658,53.711,-5.249,-13.245
0.972,-0.703,0.649,59.143,-18.494,-9.521
0.928,-0.696,0.634,61.829,-31.067,-4.333
0.865,-0.705,0.623,61.157,-41.626,2.625
0.788,-0.724,0.610,56.580,-49.316,11.414
0.705,-0.737,0.592,48.340,-54.016,20.264
0.635,-0.742,0.573,37.415,-55.298,28.076
0.583,-0.738,0.554,25.513,-52.917,34.180
0.546,-0.734,0.536,13.184,-47.791,37.781
0.533,-0.726,0.522,1.343,-41.138,38.269
0.536,-0.713,0.512,-9.644,-34.363,36.133
0.550,-0.697,0.502,-20.081,-28.748,32.959
0.578,-0.689,0.494,-28.931,-25.146,29.175
0.622,-0.694,0.484,-35.706,-24.292,24.231
0.667,-0.701,0.482,-40.283,-26.001,18.616
0.702,-0.708,0.480,-42.175,-29.724,12.756
0.717,-0.719,0.475,-42.236,-34.668,7.385
0.726,-0.737,0.467,-40.833,-40.039,2.686
0.720,-0.760,0.456,-37.964,-44.861,-1.404
0.686,-0.771,0.443,-34.668,-47.241,-4.089
0.642,-0.765,0.430,-31.311,-46.265,-6.409
0.609,-0.753,0.418,-27.588,-41.870,-8.423
0.598,-0.757,0.411,-23.499,-33.997,-10.437
0.592,-0.750,0.408,-18.982,-23.865,-13.306
0.612,-0.726,0.429,-14.343,-13.367,-16.846
0.654,-0.708,0.444,-9.399,-6.653,-20.752
0.698,-0.705,0.465,-4.944,-5.920,-24.780
0.743,-0.688,0.488,-1.831,-12.085,-29.053
0.766,-0.655,0.497,-0.854,-27.039,-33.508
0.741,-0.616,0.486,-0.854,-48.462,-37.598
0.685,-0.577,0.452,-1.465,-71.106,-40.466
0.614,-0.549,0.407,-3.113,-90.515,-41.443
0.519,-0.531,0.369,-4.883,-103.516,-40.833
0.427,-0.514,0.330,-6.653,-109.924,-39.795
0.361,-0.500,0.299,-9.399,-108.826,-38.208
0.317,-0.489,0.275,-12.207,-101.135,-36.804
0.297,-0.497,0.273,-14.160,-89.355,-36.438
0.307,-0.505,0.285,-15.747,-76.721,-37.659
0.323,-0.505,0.299,-16.602,-64.514,-41.016
0.346,-0.500,0.309,-15.259,-53.101,-45.166
0.386,-0.497,0.310,-12.390,-42.358,-47.852
0.439,-0.503,0.318,-7.568,-33.142,-48.157
0.479,-0.518,0.344,-1.465,-24.963,-45.227
0.517,-0.543,0.368,5.127,-19.348,-40.283
0.571,-0.582,0.399,13.489,-15.564,-34.790
0.609,-0.628,0.451,22.827,-12.024,-28.015
0.642,-0.669,0.472,31.372,-9.644,-20.691
0.666,-0.702,0.477,39.246,-8.728,-12.451
0.660,-0.721,0.497,44.373,-6.470,-3.296
0.624,-0.740,0.511,44.495,-2.991,5.859
0.581,-0.760,0.510,39.368,1.831,13.916
0.542,-0.774,0.497,28.320,9.399,20.203

0.267,-3.600,3.812,130.371,-124.756,-3.967
2.600,-4.000,4.000,-4.761,-135.681,-116.943
2.135,-3.048,2.709,-262.756,-298.340,-16.235
0.408,-0.958,1.766,-313.171,-214.844,151.672
-0.011,-0.515,1.760,-322.327,-129.333,108.948
-0.315,-0.706,0.564,-254.272,-108.521,77.332
-0.368,-0.714,0.377,-192.505,-54.321,69.641
-0.301,-0.566,0.095,-161.865,-22.705,70.435
-0.192,-0.416,-0.031,-146.240,4.883,63.538
-0.180,-0.376,-0.024,-139.648,37.292,64.087
-0.170,-0.391,-0.054,-141.846,61.707,65.674
-0.169,-0.397,-0.080,-145.325,81.238,67.505
-0.152,-0.371,-0.079,-147.644,99.426,70.618
-0.091,-0.259,-0.049,-150.330,112.061,73.730
-0.002,-0.144,-0.009,-152.039,117.065,75.684
0.072,-0.068,0.070,-152.832,114.990,81.055
0.084,-0.060,0.077,-152.588,105.286,85.571
0.097,0.007,0.130,-150.574,94.727,85.022
0.106,0.073,0.159,-146.423,79.041,84.900
0.130,0.112,0.168,-138.794,59.692,82.947
0.088,0.153,0.133,-128.906,40.344,77.087
0.046,0.206,0.130,-116.821,26.245,69.702
0.042,0.235,0.123,-101.563,15.198,60.852
0.058,0.257,0.122,-83.374,7.080,49.133
0.076,0.266,0.134,-62.866,1.160,37.292
0.057,0.285,0.138,-41.687,-3.967,26.367
0.082,0.188,0.167,-21.423,-7.141,18.616
0.121,0.142,0.197,14.404,-15.991,-2.380
0.166,0.081,0.266,32.227,-15.198,-11.841
0.252,0.033,0.365,48.584,-14.648,-21.667
0.360,-0.027,0.438,65.491,-17.517,-29.724
0.459,-0.088,0.518,80.627,-22.278,-37.476
0.528,-0.150,0.608,93.872,-27.832,-42.175
0.557,-0.213,0.660,103.760,-36.133,-43.518
0.547,-0.270,0.684,109.863,-46.326,-43.213
0.536,-0.309,0.704,112.244,-56.091,-43.030
0.531,-0.341,0.700,112.549,-64.819,-43.213
0.512,-0.364,0.697,110.901,-70.618,-43.640
0.474,-0.376,0.686,107.239,-73.914,-43.701
0.459,-0.391,0.675,102.783,-74.707,-43.884
0.483,-0.426,0.674,99.731,-72.205,-45.044
0.501,-0.457,0.699,98.389,-67.993,-46.326
0.467,-0.488,0.682,97.900,-64.819,-46.692
0.449,-0.489,0.696,97.290,-59.387,-47.180
0.447,-0.512,0.687,98.450,-54.260,-45.715
0.422,-0.524,0.668,100.281,-48.462,-44.495
0.400,-0.530,0.655,102.112,-41.077,-43.518
0.404,-0.561,0.642,105.347,-31.921,-42.175
0.402,-0.595,0.641,108.154,-21.240,-41.260
0.400,-0.613,0.660,108.704,-9.644,-39.917
0.440,-0.643,0.693,107.971,0.610,-38.635
0.495,-0.674,0.720,106.567,7.812,-37.842
0.519,-0.683,0.739,103.088,11.841,-36.499
0.530,-0.683,0.741,98.450,13.123,-34.058
0.534,-0.692,0.733,93.750,12.756,-30.396
0.530,-0.699,0.720,88.806,12.085,-26.367
0.519,-0.701,0.709,84.656,11.597,-23.010
0.504,-0.704,0.706,80.383,11.780,-19.775
0.492,-0.697,0.707,75.623,12.512,-17.090
0.483,-0.689,0.712,70.068,13.977,-14.526
0.477,-0.680,0.714,63.538,15.259,-11.841
0.454,-0.666,0.703,55.847,16.663,-8.972
0.447,-0.661,0.695,48.523,18.311,-6.409
0.441,-0.648,0.676,41.687,19.592,-4.395
0.441,-0.640,0.674,35.339,21.179,-2.869
0.437,-0.624,0.668,29.541,22.583,-1.282
0.435,-0.614,0.665,24.902,23.315,0.427
0.442,-0.611,0.676,21.118,23.193,1.770
0.454,-0.599,0.682,17.944,21.484,3.235
0.467,-0.585,0.673,16.113,18.616,5.310
0.473,-0.587,0.660,15.930,14.465,7.629
0.462,-0.596,0.639,16.907,10.254,9.521
0.460,-0.623,0.630,18.372,7.141,10.864
0.463,-0.658,0.622,21.057,5.310,10.681
0.448,-0.677,0.610,24.658,4.761,9.338
0.435,-0.678,0.623,28.259,7.202,8.118
0.441,-0.698,0.630,31.738,10.559,7.690
0.449,-0.708,0.637,34.485,14.099,6.531
0.456,-0.712,0.648,35.828,18.127,5.554
0.469,-0.709,0.659,35.950,21.240,4.822
0.485,-0.704,0.669,34.485,23.010,4.822
0.495,-0.701,0.672,31.677,23.071,5.493
0.498,-0.689,0.671,27.161,21.851,6.592
0.500,-0.680,0.664,20.874,19.409,8.362
0.510,-0.685,0.659,12.695,16.357,10.437
0.521,-0.689,0.652,3.967,12.573,11.658
0.526,-0.691,0.642,-5.188,8.301,12.085
0.536,-0.698,0.633,-14.099,3.906,11.719
0.561,-0.715,0.630,-21.729,-0.183,10.559
0.581,-0.727,0.622,-27.832,-4.883,8.484
0.594,-0.729,0.611,-33.203,-9.583,5.859
0.596,-0.727,0.597,-36.682,-13.916,3.174
0.592,-0.721,0.582,-38.757,-16.968,0.610
0.585,-0.711,0.569,-39.429,-17.822,-1.831
0.578,-0.703,0.559,-38.147,-16.479,-3.479
0.570,-0.699,0.553,-35.461,-13.245,-4.822
0.566,-0.689,0.548,-32.166,-8.484,-6.104
0.563,-0.681,0.541,-28.381,-2.563,-7.385
0.586,-0.682,0.547,-23.804,4.272,-8.423
0.609,-0.680,0.543,-18.921,10.803,-9.888
0.620,-0.671,0.542,-14.404,16.052,-11.292
0.646,-0.673,0.544,-9.827,20.325,-12.756
0.686,-0.681,0.553,-5.310,23.132,-14.465
0.700,-0.670,0.555,-0.549,23.987,-15.808
0.703,-0.650,0.553,3.052,22.827,-15.930
0.713,-0.633,0.551,5.859,20.081,-15.137
0.704,-0.617,0.540,7.446,15.869,-14.099
0.682,-0.595,0.533,7.996,11.047,-12.085
0.651,-0.581,0.533,8.789,5.615,-9.155
0.600,-0.565,0.526,9.766,0.000,-5.676
0.537,-0.551,0.518,10.254,-4.700,-2.380
0.476,-0.545,0.507,10.437,-7.568,0.549
0.422,-0.541,0.497,10.132,-8.240,2.625
0.379,-0.532,0.484,8.789,-6.409,3.357
0.347,-0.519,0.469,6.714,-2.502,2.808
0.326,-0.502,0.456,3.601,2.625,1.099
0.326,-0.480,0.448,-0.183,8.484,-1.282
0.350,-0.463,0.456,-4.761,14.221,-3.845
0.402,-0.443,0.471,-10.193,18.250,-6.714

0.891,-4.000,4.000,81.604,464.172,-197.449
4.000,-3.098,4.000,-212.097,432.739,8.362
4.000,0.022,3.496,-429.626,292.480,237.427
2.088,-0.005,1.919,-399.902,321.655,164.246
0.621,-0.749,0.790,-248.291,246.460,114.624
0.209,-1.163,0.241,-138.733,176.025,114.441
0.051,-1.103,-0.082,-119.507,135.254,121.765
0.396,-0.979,0.235,-143.127,128.296,119.263
0.624,-0.780,-0.014,-164.124,76.294,105.591
0.334,-0.615,-0.370,-158.936,36.316,95.581
0.138,-0.430,-0.345,-148.621,36.987,100.281
0.058,-0.263,-0.224,-137.146,26.672,111.694
0.078,-0.170,-0.223,-118.286,5.432,107.361
0.124,-0.276,-0.283,-100.647,-12.573,103.088
-0.014,-0.244,-0.361,-91.797,-20.264,101.074
0.070,-0.251,-0.214,-86.853,-16.113,103.943
0.131,-0.095,-0.115,-83.740,-21.606,106.079
0.165,-0.053,-0.089,-78.613,-32.898,109.070
0.161,0.002,-0.030,-73.242,-46.143,107.117
0.129,0.050,-0.018,-67.749,-59.753,104.980
0.141,0.087,-0.005,-60.974,-73.669,100.342
0.145,0.114,-0.022,-52.795,-87.402,93.567
0.154,0.141,-0.020,-42.542,-98.572,85.632
0.158,0.161,-0.004,-29.663,-107.178,77.393
0.130,0.162,-0.005,-15.259,-113.953,69.336
0.105,0.144,0.005,-0.366,-117.310,61.340
0.112,0.111,0.042,15.991,-117.432,52.734
0.130,0.086,0.070,33.447,-116.699,43.335
0.130,0.062,0.093,51.331,-114.563,34.729
0.137,0.020,0.134,69.702,-109.253,27.039
0.190,-0.030,0.197,88.684,-101.379,18.433
0.275,-0.073,0.270,108.276,-92.712,8.545
0.382,-0.124,0.348,129.211,-85.815,-1.404
0.479,-0.181,0.421,149.963,-81.421,-9.583
0.531,-0.232,0.478,168.518,-80.750,-16.296
0.541,-0.277,0.507,184.326,-83.923,-20.630
0.527,-0.315,0.531,196.655,-88.562,-23.010
0.489,-0.349,0.536,204.956,-93.323,-23.621
0.430,-0.376,0.516,209.595,-97.900,-23.865
0.388,-0.412,0.498,211.975,-99.670,-24.170
0.353,-0.461,0.479,213.501,-97.900,-25.024
0.294,-0.510,0.451,213.562,-93.445,-27.527
0.269,-0.561,0.442,212.280,-85.327,-32.349
0.314,-0.645,0.467,211.365,-74.768,-37.842
0.333,-0.705,0.492,208.740,-64.453,-42.542
0.319,-0.745,0.501,203.918,-56.946,-45.471
0.327,-0.789,0.520,198.547,-51.025,-48.279
0.356,-0.835,0.543,192.871,-46.143,-50.781
0.392,-0.879,0.577,186.035,-42.297,-52.734
0.417,-0.923,0.604,180.481,-39.734,-54.932
0.409,-0.950,0.621,174.683,-37.964,-57.434
0.380,-0.961,0.630,167.969,-36.072,-59.570
0.380,-0.968,0.646,159.607,-33.203,-61.035
0.404,-0.984,0.679,149.902,-28.748,-59.326
0.414,-0.990,0.696,137.329,-25.574,-54.932
0.415,-0.997,0.696,123.474,-25.024,-50.171
0.416,-1.002,0.694,110.046,-23.987,-44.861
0.400,-1.000,0.680,95.947,-22.278,-38.757
0.383,-1.009,0.663,82.397,-18.982,-33.020
0.380,-1.033,0.652,70.984,-14.099,-28.931
0.358,-1.022,0.643,60.303,-7.324,-25.513
0.349,-1.010,0.637,50.354,0.854,-22.095
0.320,-0.973,0.618,40.466,10.010,-19.104
0.323,-0.942,0.622,31.311,21.179,-14.832
0.349,-0.926,0.618,21.973,30.457,-10.132
0.381,-0.909,0.623,12.817,38.269,-5.676
0.405,-0.886,0.614,4.456,43.518,-1.160
0.431,-0.872,0.615,-2.991,46.753,4.761
0.447,-0.853,0.594,-10.193,47.363,10.742
0.454,-0.833,0.582,-17.151,47.729,16.541
0.451,-0.821,0.562,-23.743,48.279,21.851
0.434,-0.810,0.544,-29.358,49.805,26.428
0.422,-0.812,0.531,-34.546,53.589,30.823
0.430,-0.844,0.521,-38.391,57.861,34.546
0.458,-0.883,0.533,-40.039,62.378,36.987
0.492,-0.908,0.554,-38.513,65.369,37.415
0.521,-0.917,0.584,-33.997,65.613,35.889
0.548,-0.913,0.614,-27.161,62.561,33.752
0.572,-0.897,0.638,-19.165,55.542,31.311
0.582,-0.867,0.652,-11.108,45.410,29.175
0.568,-0.834,0.654,-4.150,33.081,27.954
0.535,-0.809,0.638,1.221,19.897,27.527
0.501,-0.792,0.615,4.517,7.935,27.649
0.462,-0.776,0.593,4.700,-1.770,28.381
0.420,-0.760,0.564,2.258,-8.789,29.236
0.387,-0.750,0.534,-2.930,-13.367,29.785
0.373,-0.747,0.511,-10.437,-14.587,29.480
0.379,-0.755,0.496,-19.348,-13.428,28.076
0.393,-0.761,0.486,-28.625,-11.414,25.208
0.412,-0.775,0.485,-37.964,-9.827,22.095
0.435,-0.796,0.484,-46.997,-9.766,19.043
0.458,-0.817,0.479,-54.626,-11.536,15.625
0.482,-0.850,0.476,-60.791,-14.771,11.780
0.514,-0.903,0.482,-64.148,-19.043,7.202
0.548,-0.949,0.495,-63.293,-23.926,0.854
0.575,-0.971,0.509,-59.021,-29.297,-6.653
0.585,-0.972,0.524,-51.270,-34.485,-16.113
0.585,-0.952,0.533,-41.321,-39.490,-25.879
0.572,-0.921,0.538,-30.518,-43.457,-34.302
0.538,-0.885,0.535,-20.447,-45.471,-40.283
0.496,-0.844,0.524,-12.817,-44.678,-43.579
0.444,-0.797,0.502,-8.972,-39.734,-43.884
0.391,-0.751,0.474,-8.179,-30.762,-41.687
0.340,-0.706,0.443,-10.071,-17.822,-37.292
0.295,-0.660,0.413,-14.282,-1.282,-31.372
0.263,-0.618,0.383,-19.653,17.883,-24.902
0.252,-0.578,0.366,-25.452,38.757,-18.433
0.266,-0.542,0.360,-31.555,60.059,-12.451
0.286,-0.512,0.360,-37.903,80.078,-6.775
0.319,-0.487,0.365,-44.861,97.595,-1.953
0.362,-0.463,0.374,-52.246,112.183,4.028
0.415,-0.444,0.380,-60.913,123.535,11.169
0.462,-0.433,0.384,-70.129,131.226,18.921
0.505,-0.427,0.374,-80.811,135.986,26.733
0.549,-0.429,0.359,-92.041,139.221,33.936
0.575,-0.444,0.343,-103.760,143.677,40.283
0.564,-0.442,0.301,-115.784,149.536,45.959
0.527,-0.427,0.247,-126.709,158.325,49.805
0.483,-0.396,0.186,-135.315,171.143,51.941

1.681,-0.332,0.436,-96.008,52.307,-0.793
1.626,-0.275,0.340,-78.247,-31.982,-1.587
1.553,-0.225,0.167,-48.706,-107.422,-1.648
1.450,-0.237,0.009,-9.766,-167.236,-2.747
1.318,-0.341,-0.119,31.982,-209.900,-2.869
1.183,-0.474,-0.263,72.266,-236.084,-2.380
1.107,-0.591,-0.331,110.596,-246.826,-1.404
1.104,-0.706,-0.259,145.020,-247.681,3.784
1.119,-0.840,-0.088,177.124,-249.268,13.672
1.144,-0.988,0.109,204.773,-258.789,25.696
-0.595,-1.512,2.404,230.652,-256.409,31.616
2.324,-4.000,4.000,171.570,-44.128,-102.661
4.000,-3.284,4.000,-195.862,-180.908,-92.896
2.280,-0.649,2.968,-294.617,-72.937,256.958
0.691,0.479,1.247,-307.617,28.442,223.633
0.565,-0.155,0.608,-187.927,41.443,163.574
0.576,-0.824,-0.079,-94.299,6.897,148.193
0.584,-1.114,-0.111,-63.721,-4.883,128.113
0.388,-1.111,-0.234,-74.341,-17.578,108.582
0.126,-0.934,-0.386,-102.112,-29.541,94.421
-0.064,-0.738,-0.439,-120.605,-17.883,98.633
-0.099,-0.487,-0.337,-120.239,6.592,107.422
-0.108,-0.357,-0.348,-105.286,22.461,112.671
-0.127,-0.283,-0.337,-87.036,36.133,110.657
-0.129,-0.288,-0.294,-69.336,51.697,112.061
-0.136,-0.289,-0.261,-57.251,65.308,116.943
-0.132,-0.203,-0.185,-51.453,78.552,121.704
-0.106,-0.130,-0.110,-46.936,86.975,127.563
-0.071,-0.079,-0.058,-42.358,88.379,130.249
-0.018,-0.029,0.026,-36.621,85.876,128.479
0.023,0.001,0.094,-28.198,77.515,125.122
0.057,0.004,0.127,-19.226,63.721,118.469
0.062,0.011,0.140,-11.597,46.936,106.873
0.052,0.035,0.146,-6.042,29.480,91.553
0.045,0.078,0.152,-1.221,12.817,75.012
0.050,0.106,0.146,3.784,-1.892,58.044
0.055,0.122,0.140,8.850,-13.489,40.894
0.054,0.103,0.141,14.709,-23.010,24.536
0.057,0.064,0.146,21.057,-30.396,7.446
0.083,0.024,0.157,26.794,-35.645,-10.010
0.135,-0.011,0.186,31.677,-39.063,-26.733
0.208,-0.052,0.231,36.743,-41.565,-41.809
0.291,-0.092,0.284,41.077,-43.518,-54.993
0.396,-0.130,0.346,45.532,-46.021,-67.322
0.544,-0.169,0.421,51.331,-49.377,-78.125
0.693,-0.200,0.495,57.922,-54.626,-86.670
0.788,-0.214,0.555,65.308,-63.843,-92.224
0.844,-0.229,0.592,73.975,-77.026,-95.276
0.891,-0.231,0.643,83.435,-90.637,-94.238
0.898,-0.269,0.664,93.506,-105.042,-88.318
0.824,-0.235,0.664,101.746,-121.704,-82.458
0.721,-0.273,0.630,110.168,-134.277,-72.205
0.640,-0.296,0.650,116.821,-138.123,-64.392
0.611,-0.342,0.699,121.094,-135.986,-56.580
0.544,-0.377,0.689,121.521,-132.874,-48.889
0.494,-0.407,0.704,120.300,-125.793,-43.213
0.464,-0.455,0.724,120.300,-116.638,-39.368
0.424,-0.499,0.736,120.544,-105.774,-38.879
0.387,-0.517,0.770,119.690,-92.285,-39.551
0.359,-0.528,0.787,118.225,-78.979,-39.368
0.324,-0.536,0.776,116.272,-66.284,-39.429
0.298,-0.549,0.767,115.173,-52.246,-40.771
0.280,-0.569,0.750,114.258,-37.415,-42.114
0.262,-0.588,0.743,112.244,-21.851,-43.701
0.263,-0.596,0.750,107.666,-5.859,-46.143
0.306,-0.606,0.782,102.112,9.277,-49.255
0.357,-0.624,0.827,95.276,22.766,-50.720
0.386,-0.626,0.847,86.182,31.433,-50.720
0.415,-0.622,0.850,76.294,35.461,-49.988
0.449,-0.617,0.848,66.345,36.865,-47.791
0.477,-0.610,0.839,56.763,35.889,-44.189
0.493,-0.604,0.833,47.546,33.997,-39.917
0.505,-0.599,0.826,39.368,31.372,-36.194
0.531,-0.599,0.821,33.447,28.625,-33.325
0.555,-0.609,0.822,29.358,26.001,-30.884
0.567,-0.615,0.829,25.574,23.437,-28.137
0.570,-0.604,0.823,21.851,20.325,-25.635
0.593,-0.620,0.812,17.700,17.578,-23.193
0.556,-0.590,0.767,13.794,15.747,-22.156
0.565,-0.601,0.775,11.047,19.165,-19.958
0.578,-0.595,0.772,8.057,21.790,-19.043
0.592,-0.585,0.735,4.211,23.132,-17.334
0.625,-0.591,0.754,0.793,24.841,-14.832
0.614,-0.590,0.683,-3.113,24.048,-12.939
0.605,-0.617,0.656,-6.592,25.208,-10.742
0.593,-0.592,0.666,-8.179,30.640,-8.667
0.615,-0.598,0.671,-6.042,36.194,-4.150
0.660,-0.631,0.691,-1.160,39.978,-0.183
0.698,-0.623,0.720,5.066,41.260,3.174
0.732,-0.616,0.748,10.925,38.818,6.958
0.746,-0.611,0.756,17.151,32.532,10.376
0.721,-0.606,0.744,21.606,25.085,14.160
0.695,-0.597,0.741,24.048,18.555,18.127
0.676,-0.599,0.735,25.085,12.329,21.606
0.639,-0.586,0.718,23.621,6.104,24.536
0.594,-0.568,0.694,17.944,1.282,27.466
0.552,-0.560,0.668,10.193,-2.075,30.701
0.516,-0.560,0.638,0.000,-3.235,33.569
0.490,-0.565,0.604,-11.780,-2.319,35.767
0.473,-0.572,0.582,-24.597,0.916,37.170
0.468,-0.571,0.564,-37.537,6.348,37.109
0.484,-0.574,0.549,-49.866,12.390,35.645
0.519,-0.579,0.544,-59.998,18.799,32.532
0.584,-0.595,0.548,-67.566,23.132,27.893
0.631,-0.600,0.540,-71.960,24.292,21.423
0.674,-0.583,0.544,-73.792,23.621,14.282
0.744,-0.591,0.548,-71.655,19.409,7.202
0.787,-0.570,0.547,-66.650,11.597,-1.160
0.804,-0.533,0.555,-58.289,1.709,-8.179
0.796,-0.499,0.552,-46.997,-9.216,-13.550
0.758,-0.476,0.544,-34.485,-19.226,-17.822
0.709,-0.456,0.528,-21.973,-26.794,-20.996
0.652,-0.435,0.510,-11.292,-30.701,-22.644
0.603,-0.420,0.498,-2.869,-30.457,-22.888
0.577,-0.420,0.499,4.150,-26.184,-21.484
0.571,-0.431,0.517,10.437,-20.020,-19.104
0.575,-0.445,0.537,16.052,-14.587,-16.541
0.574,-0.454,0.555,20.874,-10.803,-13.794
0.551,-0.459,0.558,24.170,-9.277,-10.498

-2.512,-3.858,4.000,179.687,102.966,-56.702
-0.481,-4.000,4.000,10.376,556.152,-72.021
3.027,-1.445,4.000,-414.246,602.112,42.419
4.000,-0.118,3.266,-582.764,395.874,229.736
2.515,-0.995,1.750,-617.798,294.861,228.943
0.596,-0.964,1.031,-512.268,217.041,185.303
-0.058,-0.862,0.509,-392.151,172.119,190.552
-0.080,-0.541,0.048,-312.317,133.850,170.715
-0.119,-0.156,-0.168,-262.390,129.211,135.498
0.604,-0.615,0.202,-224.060,139.343,117.065
0.442,-0.599,-0.161,-213.623,104.614,78.125
0.223,-0.466,-0.273,-220.215,99.060,63.171
0.090,-0.268,-0.231,-212.585,94.116,63.904
0.080,-0.143,-0.200,-192.139,81.116,54.688
0.075,-0.187,-0.358,-166.138,64.392,43.396
0.148,-0.088,-0.279,-149.475,55.359,33.325
0.239,-0.051,-0.174,-135.498,42.969,32.715
0.349,0.092,-0.063,-124.451,23.254,33.447
0.328,0.147,-0.043,-111.694,-0.366,44.312
0.255,0.125,-0.084,-97.900,-24.231,53.406
0.210,0.130,-0.113,-85.083,-43.274,55.603
0.178,0.157,-0.128,-71.472,-57.434,54.932
0.144,0.201,-0.140,-56.396,-67.932,52.307
0.116,0.223,-0.142,-39.673,-74.036,50.049
0.108,0.216,-0.125,-21.729,-75.745,46.509
0.094,0.198,-0.110,-3.357,-75.073,39.490
0.088,0.188,-0.085,15.076,-72.449,29.541
0.094,0.179,-0.057,33.447,-68.298,18.127
0.103,0.153,-0.033,52.307,-62.866,6.653
0.123,0.113,0.003,70.801,-56.091,-3.174
0.161,0.074,0.041,88.013,-49.500,-12.146
0.217,0.033,0.085,104.187,-43.884,-20.508
0.283,-0.020,0.139,119.629,-39.063,-28.076
0.371,-0.069,0.204,133.606,-34.485,-35.278
0.472,-0.118,0.273,147.827,-31.677,-42.603
0.545,-0.162,0.330,161.987,-32.288,-50.171
0.591,-0.198,0.381,175.232,-35.583,-57.434
0.635,-0.238,0.427,187.256,-41.626,-62.927
0.659,-0.273,0.452,196.777,-48.157,-65.002
0.621,-0.313,0.454,202.637,-52.979,-63.904
0.547,-0.354,0.437,205.566,-55.359,-62.622
0.475,-0.393,0.407,206.543,-53.345,-61.707
0.418,-0.422,0.377,204.529,-45.044,-60.547
0.384,-0.452,0.358,199.829,-29.785,-57.983
0.416,-0.509,0.371,193.848,-8.423,-54.016
0.507,-0.589,0.430,187.561,15.930,-48.340
0.610,-0.667,0.496,181.702,34.607,-43.152
0.689,-0.720,0.552,176.392,43.579,-40.283
0.748,-0.741,0.603,170.471,44.128,-38.086
0.783,-0.745,0.644,163.879,37.659,-35.645
0.783,-0.739,0.661,156.799,25.452,-34.363
0.748,-0.724,0.652,150.269,10.254,-34.302
0.689,-0.719,0.632,143.616,-3.357,-34.363
0.644,-0.736,0.615,138.062,-12.756,-35.645
0.609,-0.755,0.604,133.362,-18.188,-38.452
0.578,-0.765,0.596,129.639,-19.836,-42.419
0.570,-0.788,0.594,126.404,-18.677,-46.631
0.590,-0.813,0.604,123.413,-16.541,-51.331
0.628,-0.831,0.634,119.934,-14.343,-54.443
0.665,-0.839,0.664,115.234,-14.282,-55.420
0.692,-0.838,0.682,109.192,-18.250,-54.626
0.700,-0.832,0.692,101.929,-25.024,-52.612
0.688,-0.829,0.681,93.628,-32.959,-49.622
0.703,-0.841,0.700,85.266,-41.138,-46.753
0.646,-0.825,0.642,77.087,-49.438,-45.227
0.593,-0.815,0.659,70.251,-50.720,-43.274
0.557,-0.828,0.633,64.270,-50.842,-41.382
0.542,-0.836,0.642,58.899,-48.279,-41.382
0.514,-0.803,0.639,53.528,-44.861,-41.321
0.490,-0.783,0.625,49.255,-42.114,-39.246
0.476,-0.789,0.609,45.471,-39.551,-36.560
0.466,-0.805,0.586,42.725,-36.987,-35.034
0.457,-0.822,0.579,40.344,-34.241,-34.790
0.455,-0.847,0.573,37.903,-32.043,-35.156
0.469,-0.889,0.571,35.217,-31.189,-36.194
0.506,-0.944,0.573,33.081,-32.349,-38.147
0.539,-0.988,0.589,31.311,-34.973,-39.673
0.542,-1.003,0.601,29.785,-39.185,-40.039
0.531,-1.009,0.602,29.785,-44.556,-38.818
0.520,-1.006,0.606,31.067,-48.767,-36.011
0.500,-0.996,0.609,32.043,-51.880,-31.433
0.461,-0.963,0.607,32.959,-53.162,-26.001
0.412,-0.920,0.603,33.997,-52.124,-19.836
0.363,-0.882,0.597,35.095,-48.645,-13.000
0.318,-0.849,0.587,34.973,-43.396,-6.042
0.275,-0.807,0.567,32.166,-36.194,0.427
0.247,-0.764,0.539,26.611,-27.466,7.141
0.245,-0.732,0.516,18.311,-17.456,13.367
0.269,-0.711,0.495,7.568,-7.935,18.799
0.293,-0.701,0.476,-5.249,0.061,23.437
0.317,-0.707,0.449,-19.043,6.287,27.161
0.338,-0.731,0.424,-33.936,10.315,30.334
0.357,-0.749,0.403,-48.584,11.963,32.898
0.371,-0.759,0.383,-62.927,12.085,34.668
0.375,-0.767,0.363,-75.562,11.047,36.133
0.387,-0.793,0.353,-85.754,9.644,36.377
0.424,-0.850,0.358,-92.407,8.789,34.607
0.479,-0.910,0.375,-95.947,7.751,29.541
0.544,-0.955,0.403,-94.971,4.822,20.935
0.621,-0.987,0.435,-89.478,-0.244,9.644
0.686,-0.992,0.463,-80.444,-7.935,-3.052
0.710,-0.962,0.478,-68.359,-17.883,-15.747
0.704,-0.924,0.484,-54.199,-28.931,-26.733
0.683,-0.898,0.487,-38.940,-38.330,-33.936
0.643,-0.853,0.485,-24.170,-45.227,-36.987
0.589,-0.798,0.475,-10.986,-48.096,-35.706
0.537,-0.749,0.455,-0.366,-46.631,-30.945
0.486,-0.702,0.427,7.385,-40.405,-22.766
0.435,-0.654,0.398,11.841,-30.212,-12.634
0.396,-0.616,0.379,13.000,-16.052,-2.075
0.383,-0.587,0.372,11.963,0.488,8.240
0.373,-0.577,0.367,9.155,18.188,17.395
0.369,-0.588,0.363,4.578,35.828,24.719
0.370,-0.596,0.357,-0.977,52.307,29.602
0.371,-0.593,0.345,-7.690,66.772,32.898
0.364,-0.585,0.330,-16.174,78.186,35.583
0.347,-0.578,0.305,-26.917,86.609,38.086
0.321,-0.581,0.261,-39.490,92.529,40.161
0.298,-0.605,0.225,-54.321,97.595,41.626

3.794,-4.000,4.000,-65.918,-136.169,-188.660
2.115,-3.313,3.092,-394.165,-225.342,64.453
0.302,-0.680,1.441,-515.808,-28.564,195.435
-0.872,0.138,0.582,-515.198,88.074,139.526
-0.361,-0.488,0.618,-388.062,154.175,107.056
-0.133,-0.580,-0.039,-292.480,141.479,76.050
0.016,-0.454,0.045,-237.061,156.799,64.148
-0.086,-0.402,-0.043,-209.595,160.461,73.059
-0.208,-0.354,-0.186,-202.271,162.537,75.134
-0.121,-0.380,-0.110,-195.557,183.289,80.383
0.097,-0.374,-0.113,-181.580,189.331,85.388
0.197,-0.243,-0.192,-164.978,177.612,86.304
0.278,-0.170,-0.103,-148.254,165.222,88.074
0.391,-0.186,0.091,-135.620,141.968,85.754
0.342,-0.167,0.032,-130.066,102.600,78.857
0.310,-0.068,0.036,-132.568,67.078,76.782
0.267,0.016,0.007,-135.986,34.058,82.520
0.187,0.090,-0.056,-135.498,4.700,87.891
0.102,0.144,-0.100,-128.601,-16.479,90.271
0.039,0.218,-0.089,-117.004,-29.541,88.623
-0.003,0.231,-0.101,-101.440,-36.072,86.609
-0.022,0.289,-0.087,-84.290,-36.804,80.322
0.001,0.323,-0.045,-63.293,-33.020,74.036
0.016,0.316,-0.007,-39.368,-28.625,67.139
0.020,0.253,0.033,-15.015,-24.780,58.228
0.009,0.246,0.076,7.935,-21.118,47.485
0.055,0.156,0.115,30.518,-17.700,37.842
0.099,0.182,0.168,51.086,-16.235,23.132
0.126,0.125,0.211,72.327,-15.076,13.794
0.179,0.072,0.259,93.140,-13.428,3.967
0.262,0.017,0.326,112.488,-12.695,-5.798
0.364,-0.045,0.396,132.141,-14.465,-15.381
0.460,-0.108,0.475,149.780,-17.761,-23.865
0.514,-0.168,0.542,163.818,-23.621,-28.503
0.517,-0.211,0.600,172.363,-33.264,-30.334
0.474,-0.234,0.623,174.927,-45.593,-30.334
0.424,-0.266,0.630,171.631,-57.983,-29.114
0.363,-0.278,0.610,162.659,-67.566,-29.358
0.282,-0.268,0.570,149.231,-72.266,-30.945
0.194,-0.257,0.523,132.874,-70.557,-32.471
0.146,-0.256,0.489,116.150,-62.073,-35.156
0.178,-0.283,0.487,103.333,-49.255,-40.039
0.264,-0.334,0.517,96.985,-35.400,-47.424
0.339,-0.387,0.565,94.299,-23.254,-54.749
0.399,-0.422,0.608,95.154,-14.038,-62.378
0.464,-0.452,0.647,99.121,-7.812,-69.702
0.520,-0.477,0.683,104.553,-3.662,-74.097
0.542,-0.486,0.693,108.887,-1.648,-75.684
0.532,-0.474,0.685,111.450,-0.549,-74.524
0.526,-0.468,0.675,112.183,1.831,-70.374
0.559,-0.493,0.674,112.915,5.249,-65.247
0.587,-0.520,0.675,113.708,8.728,-61.401
0.617,-0.541,0.688,113.403,11.169,-58.472
0.660,-0.562,0.722,111.877,13.245,-55.359
0.699,-0.589,0.756,109.619,13.733,-51.758
0.732,-0.617,0.778,106.934,11.658,-48.950
0.741,-0.632,0.800,104.187,8.057,-46.692
0.728,-0.626,0.805,100.037,3.906,-43.884
0.697,-0.612,0.797,94.482,0.488,-39.917
0.651,-0.588,0.778,87.952,-0.793,-35.217
0.618,-0.569,0.757,80.811,0.183,-29.541
0.592,-0.568,0.742,73.120,4.395,-23.071
0.566,-0.571,0.714,65.247,10.193,-17.090
0.542,-0.579,0.694,57.129,17.334,-12.390
0.554,-0.602,0.692,49.438,26.001,-9.338
0.563,-0.608,0.682,42.175,34.241,-8.057
0.582,-0.635,0.679,36.621,42.053,-7.263
0.597,-0.641,0.675,32.837,48.584,-6.958
0.672,-0.676,0.723,32.959,54.077,-6.226
0.763,-0.694,0.765,36.255,53.101,-6.836
0.810,-0.692,0.785,41.626,45.471,-7.080
0.820,-0.679,0.829,48.096,34.546,-6.104
0.783,-0.658,0.823,54.382,18.677,-3.967
0.740,-0.650,0.813,58.838,3.052,-0.305
0.704,-0.650,0.794,59.998,-10.071,5.005
0.652,-0.650,0.763,56.763,-21.667,10.620
0.574,-0.640,0.719,48.706,-30.334,15.259
0.514,-0.640,0.680,37.109,-34.851,18.982
0.486,-0.645,0.650,22.034,-35.645,20.508
0.478,-0.651,0.630,5.493,-32.898,19.104
0.479,-0.652,0.618,-10.437,-28.381,15.320
0.500,-0.669,0.616,-24.353,-23.437,9.827
0.550,-0.698,0.617,-35.461,-20.020,2.930
0.611,-0.714,0.620,-42.969,-19.958,-4.211
0.672,-0.732,0.629,-46.570,-23.376,-10.803
0.726,-0.757,0.638,-45.410,-30.334,-16.846
0.771,-0.777,0.650,-39.001,-40.222,-22.705
0.784,-0.785,0.662,-27.649,-51.270,-29.175
0.763,-0.786,0.671,-13.184,-60.974,-36.072
0.728,-0.788,0.675,1.953,-67.566,-41.992
0.687,-0.787,0.670,15.198,-69.458,-46.082
0.633,-0.792,0.652,24.780,-67.261,-48.462
0.598,-0.821,0.646,30.823,-61.157,-49.255
0.573,-0.860,0.643,34.302,-53.040,-48.828
0.539,-0.884,0.635,35.522,-44.678,-47.974
0.498,-0.897,0.617,35.095,-36.011,-47.852
0.452,-0.904,0.591,32.349,-26.367,-47.363
0.406,-0.898,0.558,27.832,-16.357,-46.570
0.366,-0.868,0.529,21.606,-5.615,-44.739
0.336,-0.820,0.488,13.306,5.615,-42.175
0.324,-0.777,0.447,3.784,17.517,-39.001
0.328,-0.739,0.408,-6.042,28.748,-35.522
0.339,-0.696,0.373,-16.479,39.246,-32.349
0.358,-0.652,0.346,-26.367,48.706,-29.663
0.379,-0.610,0.325,-34.546,56.580,-27.039
0.405,-0.578,0.309,-40.710,62.012,-24.231
0.430,-0.551,0.296,-45.227,64.575,-21.423
0.447,-0.531,0.283,-48.035,64.880,-18.372
0.450,-0.519,0.276,-49.194,64.392,-15.259
0.450,-0.524,0.273,-48.035,63.660,-12.268
0.465,-0.543,0.281,-45.227,62.927,-9.155
0.508,-0.575,0.300,-41.077,61.523,-6.409
0.568,-0.595,0.336,-36.621,57.739,-4.333
0.592,-0.594,0.355,-32.227,51.147,-3.296
0.579,-0.581,0.354,-30.396,42.358,-1.221
0.546,-0.559,0.349,-32.776,35.278,3.418
0.530,-0.549,0.360,-37.842,32.837,9.705
0.544,-0.557,0.399,-42.175,34.912,14.832
0.556,-0.560,0.460,-46.936,40.344,18.433

-0.016,-4.000,4.000,-17.151,485.901,-21.851
3.395,-0.800,3.728,-250.427,550.476,79.590
3.525,0.497,2.938,-361.877,355.896,141.479
1.858,-0.082,1.708,-319.885,297.058,118.835
0.655,-0.702,0.765,-231.445,209.595,124.207
0.503,-0.820,0.646,-168.335,155.762,132.507
0.453,-0.868,0.198,-147.461,106.873,120.422
0.282,-0.587,0.062,-145.630,98.694,78.369
0.359,-0.532,0.273,-155.212,112.000,65.002
0.243,-0.604,-0.077,-166.565,78.369,62.927
0.185,-0.528,-0.199,-164.185,61.279,48.523
0.127,-0.370,-0.269,-159.851,56.946,43.152
0.177,-0.255,-0.240,-154.663,58.472,39.856
0.159,-0.196,-0.202,-151.550,63.354,34.912
0.221,-0.131,-0.051,-148.437,68.726,32.654
0.227,-0.034,-0.047,-145.142,61.951,33.630
0.264,0.037,-0.063,-142.883,50.049,35.461
0.275,0.113,-0.074,-137.390,37.903,40.100
0.292,0.151,-0.100,-129.333,25.330,44.373
0.311,0.180,-0.122,-117.676,12.634,47.607
0.341,0.190,-0.121,-102.356,0.183,48.279
0.377,0.196,-0.106,-84.961,-12.207,44.434
0.406,0.189,-0.090,-65.918,-25.269,37.964
0.417,0.166,-0.065,-46.570,-38.025,30.212
0.430,0.126,-0.030,-28.137,-49.927,21.301
0.444,0.082,0.000,-11.292,-60.852,11.108
0.465,0.040,0.029,3.357,-70.251,1.587
0.521,-0.006,0.071,17.090,-76.660,-6.287
0.619,-0.071,0.132,30.029,-80.750,-14.343
0.739,-0.134,0.188,42.664,-83.923,-22.278
0.838,-0.187,0.248,54.138,-86.304,-28.625
0.905,-0.235,0.321,63.599,-87.402,-31.616
0.938,-0.274,0.384,70.557,-87.830,-30.396
0.949,-0.295,0.435,74.280,-88.806,-25.757
0.930,-0.303,0.463,76.782,-90.271,-18.372
0.887,-0.298,0.461,78.186,-93.018,-9.705
0.845,-0.291,0.462,78.979,-93.933,-0.488
0.842,-0.289,0.497,78.979,-92.163,9.460
0.874,-0.306,0.548,80.017,-90.088,18.982
0.869,-0.335,0.580,80.811,-90.637,26.123
0.805,-0.341,0.567,81.299,-94.666,29.724
0.725,-0.331,0.548,81.360,-97.717,30.945
0.693,-0.320,0.552,81.360,-98.145,29.968
0.683,-0.315,0.577,82.581,-95.764,27.527
0.637,-0.310,0.591,85.449,-93.140,24.048
0.567,-0.297,0.582,89.294,-90.332,20.447
0.502,-0.291,0.552,93.506,-86.365,17.395
0.445,-0.299,0.514,97.290,-79.163,15.076
0.394,-0.305,0.500,99.304,-67.749,13.489
0.364,-0.303,0.507,99.243,-53.284,11.536
0.380,-0.313,0.542,98.755,-38.452,8.728
0.408,-0.331,0.583,97.046,-25.879,5.859
0.423,-0.344,0.614,93.689,-17.273,2.625
0.429,-0.343,0.631,88.379,-12.268,0.366
0.434,-0.334,0.632,82.153,-10.254,-1.282
0.431,-0.319,0.620,76.233,-10.437,-2.625
0.438,-0.318,0.617,71.167,-12.390,-3.113
0.476,-0.343,0.634,68.054,-15.564,-3.479
0.520,-0.367,0.664,67.505,-21.362,-5.066
0.558,-0.395,0.694,69.031,-30.579,-8.057
0.587,-0.435,0.698,72.815,-42.725,-11.841
0.596,-0.477,0.696,76.294,-56.091,-16.235
0.587,-0.508,0.712,77.576,-67.078,-19.775
0.562,-0.520,0.714,75.012,-76.599,-22.034
0.524,-0.523,0.712,69.458,-83.984,-22.949
0.483,-0.521,0.705,61.279,-87.585,-22.766
0.462,-0.520,0.701,52.124,-87.036,-21.423
0.460,-0.529,0.693,44.067,-83.069,-19.653
0.461,-0.547,0.689,37.842,-76.477,-17.212
0.465,-0.564,0.691,33.020,-67.993,-14.771
0.472,-0.575,0.704,29.419,-58.044,-12.695
0.475,-0.585,0.719,27.283,-47.485,-10.254
0.475,-0.593,0.725,26.672,-36.316,-7.629
0.475,-0.590,0.722,27.710,-25.085,-5.188
0.489,-0.587,0.723,29.968,-13.062,-3.052
0.527,-0.601,0.737,34.363,-1.709,-1.343
0.567,-0.613,0.751,40.161,7.629,0.183
0.594,-0.611,0.771,44.983,14.526,1.648
0.617,-0.601,0.796,48.645,18.250,3.723
0.632,-0.591,0.816,51.025,18.677,6.531
0.638,-0.590,0.826,50.964,15.686,10.498
0.630,-0.588,0.826,48.584,9.583,14.954
0.615,-0.586,0.816,44.006,2.136,20.447
0.599,-0.593,0.803,37.231,-5.920,26.245
0.584,-0.599,0.784,29.602,-14.404,31.250
0.561,-0.604,0.764,21.301,-22.522,35.339
0.541,-0.606,0.748,11.719,-29.053,38.147
0.516,-0.601,0.725,2.808,-34.729,39.124
0.490,-0.590,0.706,-5.005,-39.185,38.635
0.467,-0.581,0.684,-11.536,-42.175,37.231
0.453,-0.572,0.664,-16.235,-44.189,35.400
0.440,-0.563,0.650,-18.921,-45.288,32.959
0.436,-0.561,0.644,-19.226,-45.471,30.212
0.430,-0.571,0.641,-16.296,-44.983,26.733
0.415,-0.581,0.639,-11.658,-43.152,22.400
0.399,-0.589,0.642,-5.920,-39.856,17.456
0.409,-0.618,0.657,0.793,-35.217,11.902
0.417,-0.653,0.665,7.751,-30.640,5.188
0.395,-0.666,0.657,13.123,-25.330,-1.831
0.370,-0.664,0.646,17.090,-18.066,-8.362
0.369,-0.661,0.642,18.860,-9.033,-14.221
0.404,-0.675,0.652,19.531,0.793,-18.555
0.448,-0.685,0.671,19.897,9.583,-21.912
0.478,-0.681,0.690,18.860,15.869,-24.231
0.516,-0.679,0.714,17.273,19.104,-25.879
0.543,-0.671,0.737,15.747,18.127,-26.855
0.544,-0.656,0.753,13.306,12.878,-26.428
0.533,-0.646,0.763,9.521,4.211,-24.841
0.516,-0.649,0.772,5.127,-5.371,-22.827
0.488,-0.671,0.783,-0.244,-15.015,-21.851
0.472,-0.722,0.799,-8.545,-23.926,-21.912
0.457,-0.759,0.793,-21.606,-31.250,-23.560
0.429,-0.768,0.784,-39.490,-34.607,-27.100
0.415,-0.764,0.758,-59.326,-35.217,-31.250
0.432,-0.741,0.700,-77.942,-34.363,-35.767
0.441,-0.692,0.630,-92.346,-31.738,-40.161
0.430,-0.642,0.586,-101.135,-26.245,-43.762
0.422,-0.597,0.555,-104.004,-18.188,-46.631
0.436,-0.551,0.546,-102.112,-8.484,-48.401

-2.500,-4.000,4.000,196.594,181.824,-96.741
1.467,-4.000,4.000,22.339,624.390,-44.250
3.473,-0.050,2.906,-227.417,445.923,63.477
3.144,1.097,2.238,-300.293,304.993,95.398
1.375,-0.122,1.561,-237.061,270.630,55.786
0.424,-0.770,0.645,-156.616,164.673,77.393
0.090,-0.792,0.070,-119.873,106.323,103.455
0.222,-0.617,0.284,-125.854,89.966,104.980
0.627,-0.809,0.341,-137.756,60.913,96.558
0.606,-0.726,0.014,-154.175,-1.892,70.190
0.478,-0.507,-0.043,-161.377,-40.344,65.674
0.298,-0.481,-0.095,-151.855,-69.275,76.843
0.219,-0.375,-0.085,-139.771,-85.205,67.993
0.184,-0.333,-0.061,-129.883,-87.585,62.866
-0.047,-0.192,-0.105,-123.657,-78.491,52.612
0.001,-0.073,0.067,-120.117,-54.443,44.250
0.004,0.022,0.005,-112.061,-39.490,43.274
0.053,0.046,0.012,-102.356,-20.691,41.138
0.020,0.049,-0.018,-86.121,-2.441,41.870
0.041,0.040,0.003,-67.627,16.785,39.124
0.103,0.021,0.039,-45.898,32.471,34.485
0.198,-0.005,0.092,-23.499,43.518,28.320
0.282,-0.067,0.157,-1.831,48.889,21.057
0.349,-0.128,0.217,17.517,47.852,12.024
0.392,-0.167,0.251,32.593,41.016,1.831
0.423,-0.189,0.284,44.250,31.860,-7.263
0.454,-0.217,0.312,53.345,22.278,-15.930
0.475,-0.250,0.328,59.692,14.343,-23.865
0.505,-0.260,0.350,63.171,9.277,-29.785
0.556,-0.268,0.373,63.660,4.883,-31.128
0.602,-0.284,0.402,61.829,-1.160,-28.870
0.640,-0.319,0.441,58.350,-8.057,-25.757
0.667,-0.343,0.469,53.894,-16.113,-23.071
0.670,-0.346,0.478,48.523,-24.536,-20.630
0.666,-0.351,0.490,44.617,-31.372,-18.555
0.656,-0.353,0.503,42.053,-35.645,-16.541
0.647,-0.358,0.507,41.260,-38.086,-14.343
0.618,-0.359,0.503,42.175,-38.452,-12.207
0.584,-0.364,0.493,43.701,-36.987,-9.827
0.568,-0.365,0.499,45.654,-33.752,-8.301
0.558,-0.365,0.510,48.706,-29.236,-7.507
0.544,-0.369,0.526,52.185,-24.536,-7.324
0.529,-0.376,0.547,55.969,-20.325,-7.751
0.527,-0.387,0.572,59.814,-16.846,-8.362
0.531,-0.396,0.587,62.256,-15.198,-9.521
0.538,-0.416,0.581,64.819,-15.381,-11.536
0.549,-0.445,0.593,66.711,-15.381,-13.916
0.560,-0.469,0.618,67.078,-14.832,-16.663
0.566,-0.487,0.638,65.918,-15.381,-19.592
0.575,-0.499,0.658,63.416,-16.663,-22.461
0.576,-0.501,0.669,59.265,-19.348,-24.963
0.562,-0.499,0.659,53.345,-23.193,-26.855
0.541,-0.498,0.650,46.509,-26.184,-27.954
0.519,-0.498,0.653,38.879,-26.855,-28.564
0.508,-0.500,0.663,30.945,-25.940,-28.809
0.501,-0.488,0.661,23.254,-24.475,-28.381
0.495,-0.474,0.654,16.052,-22.888,-27.405
0.513,-0.473,0.656,11.658,-20.935,-26.550
0.532,-0.474,0.658,10.742,-19.470,-26.062
0.532,-0.472,0.661,12.146,-19.043,-26.489
0.538,-0.471,0.661,15.625,-19.043,-26.917
0.537,-0.468,0.661,20.142,-19.043,-27.222
0.533,-0.464,0.658,24.170,-18.494,-26.306
0.531,-0.464,0.650,27.710,-17.334,-24.597
0.528,-0.473,0.651,30.396,-14.832,-22.339
0.533,-0.493,0.655,32.410,-12.024,-19.104
0.548,-0.526,0.666,33.691,-9.155,-15.869
0.547,-0.558,0.669,34.668,-6.104,-12.756
0.562,-0.611,0.689,33.936,-3.052,-9.705
0.572,-0.655,0.696,32.227,-1.282,-7.996
0.584,-0.677,0.728,30.090,-0.061,-7.080
0.608,-0.700,0.754,28.748,-0.977,-6.714
0.630,-0.709,0.775,28.931,-3.662,-7.751
0.647,-0.715,0.798,30.334,-7.874,-8.423
0.644,-0.708,0.803,32.043,-13.611,-7.935
0.626,-0.693,0.804,33.752,-19.775,-6.409
0.592,-0.671,0.790,35.339,-24.597,-4.089
0.548,-0.643,0.787,36.011,-25.635,-1.587
0.506,-0.613,0.778,34.912,-23.560,2.075
0.462,-0.568,0.759,31.494,-19.409,6.348
0.427,-0.528,0.739,26.123,-12.756,11.719
0.423,-0.500,0.718,19.043,-5.554,16.968
0.444,-0.494,0.710,11.536,2.014,21.057
0.463,-0.500,0.709,3.784,8.850,23.499
0.487,-0.510,0.710,-4.150,13.733,23.743
0.526,-0.535,0.718,-12.268,16.479,22.522
0.571,-0.574,0.729,-20.447,16.602,20.203
0.614,-0.620,0.731,-27.283,13.062,16.785
0.651,-0.665,0.728,-32.898,5.615,13.000
0.682,-0.702,0.727,-36.926,-4.028,8.789
0.702,-0.732,0.719,-38.513,-14.526,4.211
0.706,-0.748,0.703,-38.147,-25.574,-0.549
0.684,-0.750,0.680,-36.560,-35.278,-4.700
0.655,-0.760,0.660,-33.508,-41.260,-9.277
0.637,-0.775,0.644,-29.663,-42.664,-14.465
0.617,-0.789,0.623,-25.146,-39.795,-19.775
0.592,-0.793,0.594,-21.240,-32.837,-25.085
0.568,-0.777,0.569,-19.226,-21.790,-29.419
0.565,-0.751,0.548,-17.761,-8.728,-31.799
0.590,-0.720,0.536,-17.029,4.028,-32.532
0.613,-0.682,0.525,-16.541,15.381,-31.921
0.618,-0.626,0.507,-16.663,22.949,-29.785
0.610,-0.561,0.490,-16.418,26.794,-26.306
0.595,-0.501,0.478,-15.381,27.527,-21.606
0.575,-0.457,0.469,-12.512,25.757,-16.357
0.549,-0.427,0.459,-7.812,21.973,-11.292
0.520,-0.411,0.450,-2.686,16.846,-6.958
0.490,-0.394,0.437,2.136,11.658,-4.333
0.457,-0.372,0.427,6.653,7.080,-3.540
0.430,-0.362,0.416,9.705,4.822,-3.601
0.427,-0.367,0.408,11.780,4.578,-4.578
0.444,-0.394,0.414,13.306,5.859,-6.165
0.495,-0.432,0.433,14.343,7.812,-7.996
0.558,-0.467,0.467,15.198,8.789,-10.193
0.628,-0.502,0.520,16.296,9.766,-10.132
0.702,-0.547,0.592,18.005,11.292,-6.348
0.758,-0.590,0.644,19.409,11.902,0.061
0.782,-0.643,0.670,19.897,10.986,8.484
0.762,-0.694,0.682,18.127,9.338,17.212

-1.150,-4.000,4.000,-21.545,315.796,-89.111
2.796,-2.549,4.000,-246.338,593.628,21.362
3.101,1.073,2.200,-413.696,360.535,176.758
2.290,1.120,1.562,-370.056,333.679,139.893
1.028,-0.046,0.938,-243.408,238.098,94.177
0.573,-0.596,0.346,-138.123,145.630,86.792
0.649,-0.572,0.502,-107.300,92.346,88.867
0.762,-0.591,0.466,-114.807,31.250,81.055
0.574,-0.520,0.169,-132.507,-36.743,49.622
0.454,-0.357,-0.006,-138.611,-79.834,36.560
0.362,-0.284,-0.069,-129.456,-112.732,45.288
0.229,-0.312,-0.226,-116.577,-132.996,42.542
0.146,-0.269,-0.254,-111.145,-138.794,31.799
0.042,-0.178,-0.236,-111.206,-132.263,25.269
-0.039,-0.078,-0.175,-110.962,-115.234,19.409
-0.085,0.046,-0.130,-112.122,-89.233,15.198
-0.080,0.155,-0.105,-111.389,-58.899,16.235
-0.037,0.213,-0.093,-106.689,-27.527,18.799
0.004,0.219,-0.087,-97.168,3.052,20.325
0.040,0.217,-0.058,-83.191,31.616,18.372
0.095,0.201,-0.025,-64.697,57.068,13.123
0.184,0.177,0.015,-42.542,77.759,6.226
0.276,0.147,0.061,-19.043,91.980,-1.465
0.357,0.101,0.122,4.456,100.220,-9.094
0.424,0.049,0.182,25.940,102.234,-16.846
0.504,-0.010,0.239,44.250,98.206,-23.499
0.594,-0.079,0.279,58.594,88.745,-28.931
0.681,-0.141,0.333,69.031,75.928,-32.593
0.766,-0.200,0.398,75.439,59.448,-33.997
0.863,-0.262,0.458,78.918,39.917,-33.142
0.938,-0.319,0.509,78.918,18.738,-30.579
0.956,-0.354,0.546,76.477,-3.906,-27.222
0.936,-0.371,0.553,72.144,-26.428,-24.048
0.915,-0.376,0.544,66.101,-46.204,-20.630
0.879,-0.382,0.534,60.547,-59.753,-16.602
0.812,-0.384,0.515,55.298,-67.322,-12.207
0.741,-0.385,0.499,49.988,-68.542,-7.751
0.676,-0.378,0.483,45.410,-64.453,-3.906
0.628,-0.366,0.473,41.382,-55.420,-1.465
0.600,-0.363,0.473,39.429,-42.603,-0.305
0.583,-0.379,0.476,39.490,-27.588,-0.732
0.564,-0.389,0.484,40.100,-12.390,-2.502
0.549,-0.379,0.499,39.307,1.465,-4.700
0.528,-0.349,0.501,38.208,14.526,-7.690
0.503,-0.314,0.500,37.476,25.696,-10.315
0.491,-0.288,0.501,37.231,34.912,-12.512
0.521,-0.284,0.520,38.696,41.260,-14.587
0.578,-0.302,0.559,41.870,44.495,-16.724
0.626,-0.326,0.598,45.898,43.823,-18.738
0.665,-0.339,0.629,50.415,37.903,-21.057
0.701,-0.344,0.657,53.772,27.954,-22.644
0.724,-0.349,0.676,55.603,15.076,-23.621
0.740,-0.359,0.684,56.763,0.427,-24.048
0.742,-0.371,0.680,56.702,-14.526,-24.475
0.733,-0.390,0.666,55.847,-28.076,-25.085
0.725,-0.421,0.655,54.993,-37.476,-26.428
0.714,-0.462,0.657,53.162,-42.358,-27.893
0.701,-0.491,0.660,49.194,-43.091,-29.175
0.696,-0.506,0.663,44.006,-40.344,-30.334
0.705,-0.516,0.669,37.659,-34.424,-30.762
0.717,-0.513,0.673,31.982,-27.161,-30.945
0.725,-0.501,0.671,27.771,-19.775,-30.212
0.737,-0.489,0.675,25.330,-12.634,-28.015
0.746,-0.486,0.667,24.841,-6.531,-24.536
0.751,-0.484,0.666,24.841,-1.709,-19.714
0.760,-0.477,0.678,25.146,1.709,-14.160
0.759,-0.467,0.686,24.902,2.563,-8.362
0.739,-0.459,0.684,24.292,1.160,-3.601
0.707,-0.461,0.673,23.193,-1.099,0.549
0.677,-0.468,0.665,22.888,-3.479,4.028
0.644,-0.479,0.658,23.193,-5.493,6.714
0.618,-0.489,0.650,23.804,-6.348,8.423
0.608,-0.500,0.651,24.780,-6.470,9.033
0.612,-0.505,0.667,25.574,-5.798,8.789
0.623,-0.509,0.686,26.062,-5.310,8.484
0.631,-0.513,0.689,25.757,-5.920,8.179
0.634,-0.519,0.684,24.414,-7.324,8.118
0.638,-0.522,0.678,21.362,-8.789,8.972
0.631,-0.513,0.673,17.456,-9.521,10.254
0.615,-0.500,0.655,13.306,-9.460,12.329
0.606,-0.489,0.632,8.545,-8.057,14.832
0.598,-0.469,0.616,3.296,-4.883,17.395
0.593,-0.449,0.595,-2.808,-0.854,19.836
0.603,-0.437,0.573,-9.460,3.845,21.667
0.616,-0.427,0.554,-15.259,8.911,22.339
0.639,-0.415,0.544,-20.386,13.550,21.790
0.673,-0.400,0.540,-23.743,16.785,20.447
0.715,-0.385,0.544,-24.597,17.883,18.738
0.768,-0.387,0.559,-22.644,16.479,16.724
0.836,-0.405,0.577,-18.921,12.085,14.221
0.885,-0.432,0.595,-13.794,4.456,10.559
0.915,-0.463,0.607,-8.057,-5.127,6.042
0.931,-0.490,0.619,-2.441,-15.259,1.343
0.933,-0.515,0.632,2.808,-25.146,-3.174
0.933,-0.544,0.637,7.324,-32.715,-7.446
0.917,-0.573,0.639,10.437,-37.048,-11.658
0.889,-0.604,0.643,12.146,-38.330,-15.442
0.878,-0.619,0.644,11.963,-36.865,-18.799
0.870,-0.623,0.644,10.498,-33.936,-21.362
0.839,-0.617,0.635,7.507,-29.968,-22.339
0.795,-0.602,0.613,3.357,-25.757,-21.362
0.745,-0.586,0.590,-1.526,-20.874,-18.982
0.692,-0.564,0.563,-6.104,-14.648,-15.381
0.651,-0.540,0.540,-10.681,-8.057,-11.292
0.593,-0.528,0.502,-14.587,-1.099,-7.202
0.538,-0.535,0.477,-18.127,6.714,-4.211
0.484,-0.519,0.446,-21.545,15.259,-2.808
0.443,-0.486,0.429,-23.926,25.269,-2.075
0.426,-0.470,0.411,-25.208,34.729,-1.892
0.422,-0.454,0.393,-26.367,42.603,-3.174
0.441,-0.437,0.377,-27.771,47.852,-5.249
0.489,-0.422,0.362,-29.358,48.767,-8.240
0.532,-0.406,0.341,-32.166,44.861,-11.902
0.571,-0.394,0.315,-34.546,36.987,-15.808
0.610,-0.381,0.296,-35.767,25.635,-19.165
0.636,-0.368,0.274,-35.217,11.780,-21.667
0.646,-0.352,0.258,-32.349,-2.991,-23.132
0.672,-0.351,0.261,-26.062,-17.456,-23.499
0.724,-0.371,0.279,-15.991,-32.104,-23.621

-0.601,-4.000,4.000,53.894,257.874,-131.897
3.037,-2.039,3.566,-201.538,362.549,4.272
3.023,0.318,2.657,-389.709,214.600,186.768
1.944,-0.155,2.208,-402.771,236.633,134.094
0.436,-0.819,1.403,-353.516,183.960,148.315
0.005,-0.966,0.493,-265.137,132.385,180.420
-0.052,-0.532,0.032,-228.271,105.103,174.072
0.011,-0.255,0.129,-200.317,122.131,158.875
0.091,-0.233,0.291,-169.617,136.353,133.545
0.288,-0.403,0.313,-156.555,123.230,110.474
0.289,-0.531,0.027,-152.954,94.055,91.370
0.098,-0.397,-0.199,-149.353,79.834,73.914
0.005,-0.204,-0.203,-139.465,85.388,65.796
0.040,-0.110,-0.189,-125.732,87.036,58.960
0.100,-0.082,-0.220,-112.427,82.642,49.377
0.119,-0.069,-0.220,-100.098,81.360,39.795
0.130,0.010,-0.167,-88.562,81.299,29.846
0.186,0.095,-0.098,-76.538,77.393,23.865
0.243,0.153,-0.054,-64.209,67.444,22.156
0.281,0.183,-0.001,-51.941,53.528,23.437
0.297,0.184,0.034,-38.513,35.889,26.611
0.300,0.184,0.045,-24.231,15.869,28.503
0.306,0.161,0.049,-9.644,-3.784,29.236
0.312,0.123,0.062,5.737,-22.156,27.100
0.306,0.071,0.091,22.339,-39.124,23.437
0.305,0.022,0.118,38.513,-54.077,18.311
0.316,-0.031,0.145,55.359,-66.345,11.475
0.355,-0.084,0.189,71.838,-75.317,2.625
0.408,-0.129,0.239,88.074,-81.848,-6.348
0.467,-0.176,0.278,103.149,-86.731,-14.709
0.541,-0.236,0.330,116.943,-90.271,-21.240
0.602,-0.288,0.372,127.808,-93.323,-26.550
0.630,-0.330,0.403,135.986,-96.191,-30.396
0.637,-0.368,0.435,141.724,-98.206,-32.227
0.634,-0.392,0.462,144.714,-98.633,-32.898
0.614,-0.406,0.472,145.264,-97.351,-31.555
0.583,-0.419,0.482,143.677,-92.773,-28.625
0.569,-0.438,0.503,140.442,-84.106,-25.574
0.566,-0.455,0.524,136.658,-73.364,-22.949
0.561,-0.468,0.541,131.287,-61.646,-19.470
0.569,-0.484,0.547,126.282,-50.720,-15.442
0.612,-0.520,0.561,123.169,-41.260,-12.817
0.661,-0.569,0.583,122.986,-33.325,-12.451
0.674,-0.606,0.611,123.352,-28.198,-13.123
0.661,-0.624,0.633,123.169,-26.245,-14.343
0.647,-0.626,0.647,122.314,-26.489,-16.235
0.631,-0.625,0.656,120.605,-27.527,-18.127
0.591,-0.621,0.647,118.164,-28.992,-19.592
0.537,-0.610,0.618,115.112,-28.992,-21.118
0.490,-0.604,0.590,111.206,-26.367,-22.461
0.460,-0.599,0.571,106.812,-21.118,-23.743
0.477,-0.621,0.574,101.807,-13.306,-23.926
0.520,-0.662,0.587,97.290,-5.188,-24.109
0.556,-0.699,0.604,93.811,0.305,-25.330
0.577,-0.716,0.621,90.027,3.723,-26.611
0.602,-0.723,0.631,86.548,4.822,-27.588
0.624,-0.732,0.641,83.679,4.089,-27.893
0.626,-0.741,0.643,80.872,1.770,-28.015
0.613,-0.739,0.638,77.209,-0.549,-27.771
0.595,-0.725,0.625,73.364,-2.319,-27.161
0.594,-0.727,0.628,68.176,-2.930,-25.513
0.583,-0.721,0.601,62.256,-3.601,-23.499
0.585,-0.729,0.607,56.152,-2.319,-21.057
0.594,-0.727,0.607,49.377,-1.648,-18.982
0.610,-0.732,0.608,42.480,-2.319,-17.029
0.616,-0.724,0.609,36.072,-3.784,-14.954
0.631,-0.729,0.616,29.968,-5.859,-12.329
0.628,-0.736,0.606,24.719,-8.789,-9.827
0.614,-0.734,0.603,20.203,-11.414,-7.263
0.593,-0.734,0.595,17.456,-13.672,-4.395
0.574,-0.729,0.590,15.076,-14.404,-1.709
0.556,-0.724,0.584,13.672,-14.648,1.587
0.543,-0.738,0.574,12.085,-13.550,5.432
0.537,-0.768,0.568,10.620,-11.780,8.606
0.530,-0.793,0.568,8.972,-9.521,10.742
0.531,-0.822,0.577,8.362,-7.202,11.841
0.543,-0.854,0.590,9.155,-5.432,12.085
0.555,-0.878,0.603,11.169,-4.944,11.108
0.562,-0.880,0.609,13.794,-5.493,9.705
0.570,-0.870,0.610,16.846,-7.080,8.179
0.582,-0.857,0.616,19.958,-9.338,7.446
0.593,-0.835,0.627,22.339,-12.329,6.897
0.594,-0.800,0.630,23.621,-16.357,7.385
0.576,-0.762,0.617,22.339,-21.179,9.583
0.559,-0.728,0.594,18.127,-25.635,13.062
0.538,-0.694,0.565,11.658,-29.663,16.785
0.518,-0.659,0.531,2.747,-32.410,20.447
0.499,-0.628,0.501,-8.240,-33.630,24.170
0.485,-0.612,0.482,-19.348,-33.508,27.344
0.478,-0.601,0.473,-29.663,-32.043,29.663
0.476,-0.595,0.465,-38.879,-30.212,31.433
0.476,-0.599,0.458,-46.021,-28.015,32.471
0.479,-0.607,0.451,-50.720,-25.696,32.593
0.484,-0.616,0.450,-53.650,-23.193,31.860
0.501,-0.628,0.447,-55.420,-20.691,30.212
0.537,-0.653,0.456,-54.932,-18.433,27.588
0.572,-0.684,0.470,-51.941,-16.602,23.560
0.623,-0.717,0.496,-45.532,-16.052,17.639
0.671,-0.744,0.523,-36.682,-18.311,10.315
0.689,-0.761,0.547,-26.611,-23.071,2.441
0.695,-0.778,0.561,-15.808,-28.381,-5.005
0.685,-0.802,0.569,-6.470,-33.325,-11.475
0.653,-0.814,0.568,0.732,-36.987,-15.991
0.609,-0.810,0.554,4.822,-38.208,-19.043
0.571,-0.797,0.543,5.371,-36.011,-19.958
0.536,-0.776,0.525,2.197,-31.067,-19.043
0.497,-0.750,0.505,-3.479,-23.621,-17.090
0.464,-0.732,0.486,-11.108,-13.733,-14.343
0.421,-0.719,0.459,-19.104,-2.747,-11.108
0.371,-0.697,0.432,-26.855,9.827,-7.690
0.340,-0.657,0.411,-33.813,23.437,-4.578
0.326,-0.624,0.387,-39.612,36.499,-2.686
0.313,-0.612,0.360,-44.067,48.462,-0.732
0.302,-0.605,0.331,-48.523,59.265,1.099
0.305,-0.590,0.305,-52.429,68.848,1.587
0.330,-0.571,0.284,-56.152,76.904,0.671
0.374,-0.561,0.264,-59.692,83.191,-1.404
0.442,-0.564,0.246,-63.660,86.914,-4.944
0.518,-0.587,0.224,-68.298,87.830,-9.949

0.224,-1.867,2.698,306.335,-115.295,7.385
0.050,-4.000,4.000,206.970,34.424,-47.668
2.125,-3.605,4.000,-137.207,137.695,-56.152
2.004,-0.549,2.359,-314.331,32.715,180.847
1.678,-0.559,2.069,-374.268,61.951,175.293
0.662,-1.167,1.417,-380.615,75.989,142.456
0.312,-1.238,0.990,-328.247,52.185,173.645
-0.148,-0.914,-0.055,-287.354,8.301,175.110
-0.240,-0.367,0.030,-258.484,38.452,154.968
-0.233,-0.315,0.056,-229.065,68.604,151.123
-0.108,-0.286,0.097,-210.754,92.773,126.465
0.060,-0.352,0.109,-201.294,112.488,109.436
0.115,-0.320,0.023,-190.735,107.788,100.647
0.075,-0.230,-0.070,-175.293,96.680,92.163
0.026,-0.123,-0.154,-158.630,87.463,83.252
0.036,-0.010,-0.148,-141.968,83.374,77.026
0.043,-0.006,-0.152,-126.892,80.688,73.242
0.065,0.057,-0.106,-112.732,79.163,61.951
0.120,0.110,-0.060,-97.351,74.524,51.147
0.169,0.127,-0.009,-81.482,66.284,43.945
0.189,0.152,0.036,-68.359,56.335,37.598
0.186,0.175,0.055,-57.617,44.312,34.302
0.201,0.168,0.058,-47.791,32.288,31.494
0.220,0.162,0.059,-37.659,20.203,26.733
0.232,0.146,0.058,-25.696,8.362,21.118
0.234,0.113,0.065,-13.489,-2.014,13.977
0.234,0.088,0.086,-1.892,-10.864,5.676
0.231,0.072,0.101,8.911,-19.531,-2.686
0.230,0.051,0.105,18.982,-27.466,-10.498
0.234,0.018,0.112,28.198,-33.264,-18.677
0.235,0.023,0.121,36.804,-35.950,-27.405
0.301,-0.046,0.176,45.349,-36.438,-34.973
0.359,-0.005,0.220,53.223,-39.124,-44.495
0.432,-0.043,0.237,63.904,-41.748,-48.279
0.495,-0.083,0.279,75.500,-43.335,-53.833
0.565,-0.104,0.363,87.036,-43.091,-59.143
0.621,-0.137,0.404,98.267,-46.265,-61.768
0.648,-0.161,0.431,108.826,-49.744,-63.782
0.679,-0.180,0.488,118.286,-52.490,-63.110
0.678,-0.222,0.504,126.404,-57.983,-59.875
0.653,-0.249,0.512,131.836,-62.622,-56.396
0.637,-0.285,0.510,134.827,-65.796,-51.147
0.606,-0.328,0.507,134.033,-66.345,-43.945
0.551,-0.371,0.511,129.639,-63.477,-35.095
0.515,-0.414,0.514,123.596,-58.411,-27.527
0.522,-0.462,0.521,118.591,-51.575,-22.949
0.552,-0.513,0.541,114.990,-43.640,-21.423
0.561,-0.557,0.566,112.000,-35.706,-22.827
0.544,-0.596,0.587,109.070,-26.672,-25.085
0.522,-0.615,0.591,105.469,-16.907,-28.564
0.487,-0.613,0.587,100.830,-6.714,-32.410
0.456,-0.594,0.578,95.581,5.615,-35.767
0.462,-0.592,0.573,89.050,21.606,-38.391
0.483,-0.607,0.566,83.252,39.978,-40.466
0.480,-0.609,0.544,78.186,58.044,-41.992
0.466,-0.595,0.522,72.693,75.073,-41.992
0.521,-0.609,0.528,67.688,91.125,-40.283
0.668,-0.657,0.579,64.331,103.088,-37.964
0.812,-0.713,0.646,62.073,105.896,-36.255
0.912,-0.746,0.689,61.035,96.313,-36.499
0.953,-0.749,0.706,59.326,75.867,-37.964
0.969,-0.745,0.721,56.335,49.255,-39.368
0.937,-0.746,0.667,53.345,20.691,-40.527
0.861,-0.726,0.627,50.293,-3.479,-41.260
0.808,-0.719,0.628,47.485,-20.813,-40.527
0.779,-0.711,0.614,43.030,-34.241,-39.917
0.803,-0.742,0.627,38.940,-41.565,-38.391
0.820,-0.770,0.633,35.583,-45.410,-38.452
0.806,-0.779,0.607,33.264,-46.326,-39.551
0.785,-0.771,0.607,31.372,-42.603,-39.795
0.778,-0.762,0.619,30.334,-36.072,-37.048
0.784,-0.767,0.641,30.151,-30.457,-31.860
0.791,-0.763,0.659,28.442,-27.161,-26.062
0.790,-0.757,0.645,25.940,-26.855,-19.043
0.758,-0.762,0.613,23.499,-26.367,-12.024
0.723,-0.763,0.595,20.996,-23.926,-6.042
0.697,-0.759,0.586,18.860,-20.874,-1.587
0.686,-0.754,0.580,17.517,-17.456,1.953
0.686,-0.735,0.577,16.418,-13.794,4.395
0.693,-0.716,0.585,16.724,-10.864,5.981
0.690,-0.693,0.592,18.005,-9.155,7.202
0.680,-0.669,0.593,19.226,-8.362,9.216
0.676,-0.646,0.606,20.020,-7.629,11.963
0.665,-0.629,0.604,19.958,-7.263,15.564
0.648,-0.609,0.608,19.104,-7.202,19.897
0.640,-0.601,0.612,16.907,-7.568,25.024
0.633,-0.603,0.608,14.038,-8.911,30.090
0.629,-0.604,0.607,8.606,-10.315,34.607
0.625,-0.602,0.602,2.258,-12.512,38.025
0.619,-0.597,0.590,-5.188,-14.404,40.466
0.625,-0.597,0.580,-13.306,-15.991,42.114
0.649,-0.603,0.565,-21.729,-17.822,42.908
0.684,-0.597,0.558,-29.785,-20.569,42.480
0.715,-0.580,0.552,-37.415,-25.024,41.199
0.738,-0.589,0.547,-42.725,-31.616,40.283
0.768,-0.629,0.545,-45.654,-40.161,38.757
0.789,-0.676,0.544,-46.509,-49.805,36.438
0.793,-0.715,0.538,-45.227,-60.242,33.630
0.788,-0.750,0.535,-41.504,-69.336,30.212
0.772,-0.773,0.537,-36.011,-76.294,26.428
0.754,-0.785,0.545,-28.503,-80.994,21.912
0.747,-0.803,0.564,-19.531,-83.557,17.151
0.737,-0.819,0.580,-9.583,-84.229,12.207
0.722,-0.828,0.591,-0.122,-83.923,7.263
0.709,-0.837,0.596,7.568,-82.153,3.113
0.687,-0.837,0.597,13.916,-79.651,0.366
0.641,-0.811,0.587,18.188,-75.806,-1.709
0.580,-0.765,0.572,19.958,-70.190,-1.709
0.516,-0.720,0.548,18.921,-62.561,0.671
0.448,-0.672,0.522,15.686,-52.917,5.066
0.370,-0.619,0.495,10.620,-41.016,10.803
0.290,-0.568,0.462,4.395,-26.489,17.273
0.227,-0.525,0.434,-1.282,-9.644,23.193
0.174,-0.480,0.408,-6.409,8.484,27.283
0.141,-0.433,0.381,-11.169,28.259,29.236
0.137,-0.389,0.354,-15.381,48.584,29.602
0.154,-0.349,0.332,-20.020,68.604,28.259
0.198,-0.314,0.318,-24.841,87.280,25.696
0.276,-0.283,0.313,-29.602,101.868,21.667

3.631,-4.000,4.000,-278.137,-471.619,-288.879
0.103,-2.732,1.851,-428.284,-298.584,93.140
-1.581,0.193,0.504,-487.549,-55.359,139.282
-1.087,0.120,0.462,-329.651,60.486,62.195
-0.608,-1.043,0.105,-206.604,120.239,14.771
-0.350,-1.358,0.148,-170.593,161.011,-6.287
-0.336,-1.272,-0.056,-183.167,184.570,-7.507
-0.302,-1.035,-0.230,-202.881,204.224,2.075
-0.223,-0.899,-0.234,-220.032,235.535,16.418
-0.089,-0.640,-0.248,-228.821,266.052,26.611
0.048,-0.453,-0.197,-224.487,283.264,41.992
0.134,-0.318,-0.117,-209.534,276.306,59.570
0.238,-0.232,-0.011,-195.496,249.084,70.801
0.312,-0.103,0.111,-192.261,206.360,83.191
0.326,-0.074,0.172,-196.289,155.151,104.248
0.334,-0.132,0.187,-201.233,100.952,124.634
0.292,-0.158,0.142,-205.811,45.532,134.155
0.203,-0.113,0.058,-206.909,-6.531,134.583
0.110,0.022,-0.034,-202.087,-50.842,131.531
0.044,0.138,-0.089,-189.514,-84.839,126.587
-0.040,0.188,-0.135,-172.058,-106.384,116.272
-0.147,0.216,-0.178,-154.297,-115.295,100.159
-0.229,0.258,-0.204,-136.353,-112.366,82.092
-0.264,0.290,-0.218,-117.249,-101.135,63.660
-0.237,0.392,-0.182,-96.313,-83.862,45.532
-0.158,0.347,-0.127,-70.740,-65.674,33.142
-0.161,0.318,-0.167,-43.457,-52.185,14.832
-0.235,0.306,-0.157,-18.372,-32.043,-3.235
-0.203,0.285,-0.080,6.287,-5.554,-17.212
-0.112,0.245,-0.016,30.579,18.311,-30.518
-0.026,0.187,0.047,54.321,40.527,-41.199
0.044,0.152,0.118,74.768,59.387,-50.415
0.143,0.103,0.190,92.468,74.646,-55.237
0.247,0.062,0.252,107.239,84.351,-58.167
0.344,0.040,0.312,119.934,87.646,-59.692
0.449,-0.007,0.376,132.202,85.815,-58.289
0.510,-0.049,0.445,141.357,78.064,-56.702
0.525,-0.090,0.501,146.790,64.392,-53.528
0.517,-0.123,0.528,148.193,46.936,-49.133
0.504,-0.155,0.539,145.142,30.090,-43.274
0.466,-0.193,0.540,139.282,15.564,-37.720
0.407,-0.225,0.536,129.944,4.639,-33.264
0.410,-0.244,0.555,118.896,-2.136,-30.823
0.491,-0.270,0.588,111.755,-5.859,-32.654
0.521,-0.306,0.615,110.229,-7.446,-40.588
0.495,-0.336,0.640,110.352,-7.019,-53.040
0.492,-0.374,0.694,108.643,-4.639,-64.453
0.545,-0.427,0.758,99.609,-1.648,-70.557
0.589,-0.497,0.837,79.712,0.916,-67.322
0.541,-0.517,0.806,45.959,4.395,-52.856
0.384,-0.488,0.701,7.446,11.536,-32.715
0.272,-0.417,0.580,-23.132,22.339,-18.921
0.300,-0.356,0.524,-39.490,38.879,-13.000
0.359,-0.293,0.518,-43.579,60.974,-12.390
0.385,-0.222,0.514,-39.063,85.693,-18.311
0.439,-0.181,0.509,-26.489,110.657,-29.175
0.569,-0.221,0.568,-11.230,130.371,-40.955
0.740,-0.292,0.707,1.160,141.296,-52.551
0.916,-0.309,0.822,6.653,137.939,-60.974
1.034,-0.291,0.897,5.676,119.995,-61.157
1.082,-0.256,0.912,2.625,90.393,-54.260
1.068,-0.247,0.870,0.977,53.040,-44.128
1.065,-0.220,0.890,0.183,17.090,-35.278
1.041,-0.206,0.847,2.319,-13.428,-30.823
0.912,-0.180,0.824,6.958,-35.217,-33.264
0.795,-0.195,0.818,13.062,-47.119,-37.415
0.737,-0.234,0.774,20.020,-52.063,-42.725
0.738,-0.282,0.784,27.527,-48.889,-48.401
0.744,-0.291,0.801,35.217,-40.649,-53.833
0.779,-0.292,0.833,46.143,-29.236,-59.326
0.871,-0.268,0.892,61.279,-16.846,-64.758
0.951,-0.267,0.933,79.163,-7.690,-70.190
0.999,-0.295,0.976,95.459,-0.366,-72.510
1.066,-0.317,1.045,106.262,6.042,-69.153
1.138,-0.339,1.093,110.962,9.705,-60.913
1.166,-0.362,1.143,109.802,9.094,-49.133
1.153,-0.401,1.144,102.234,3.723,-35.339
1.120,-0.441,1.121,88.928,-2.686,-21.362
1.094,-0.460,1.114,70.679,-10.254,-7.629
1.072,-0.487,1.069,50.415,-22.461,5.676
1.027,-0.524,0.976,30.457,-36.682,17.456
0.935,-0.521,0.891,12.634,-48.706,25.391
0.838,-0.496,0.812,0.793,-56.946,29.907
0.766,-0.489,0.750,-4.211,-60.608,31.006
0.718,-0.497,0.725,-4.028,-59.692,29.236
0.684,-0.520,0.718,-1.221,-55.908,26.306
0.653,-0.516,0.722,3.601,-49.561,22.156
0.649,-0.549,0.729,10.376,-41.931,18.127
0.669,-0.572,0.734,16.846,-35.156,12.878
0.690,-0.591,0.748,22.583,-29.358,7.996
0.700,-0.621,0.762,26.123,-24.841,3.479
0.713,-0.637,0.775,27.222,-20.020,-0.061
0.724,-0.645,0.788,26.489,-15.381,-2.380
0.737,-0.653,0.786,23.804,-11.414,-3.479
0.750,-0.643,0.793,19.165,-7.446,-4.639
0.765,-0.616,0.805,13.550,-3.967,-5.432
0.758,-0.576,0.802,7.629,-2.014,-6.165
0.742,-0.533,0.783,1.648,-0.977,-6.226
0.711,-0.491,0.750,-3.723,-0.610,-5.737
0.670,-0.446,0.717,-7.751,0.488,-4.700
0.632,-0.405,0.687,-9.705,2.258,-3.479
0.599,-0.375,0.665,-9.399,3.784,-1.770
0.581,-0.356,0.652,-7.202,4.883,0.793
0.571,-0.346,0.641,-4.211,4.456,4.211
0.550,-0.355,0.630,-0.977,2.625,7.141
0.519,-0.369,0.612,1.221,0.610,9.521
0.492,-0.379,0.599,2.197,-1.038,11.902
0.455,-0.389,0.581,2.441,-1.953,13.428
0.425,-0.391,0.556,2.502,-2.258,13.916
0.404,-0.381,0.530,1.099,-1.404,13.367
0.385,-0.368,0.505,-1.343,0.183,11.597
0.383,-0.360,0.490,-5.005,2.991,9.094
0.412,-0.384,0.518,-10.803,6.287,7.141
0.450,-0.426,0.554,-22.766,8.179,8.423
0.471,-0.463,0.584,-43.579,8.179,15.015
0.495,-0.465,0.571,-71.716,7.019,26.367
0.469,-0.401,0.508,-100.769,5.615,41.260
0.427,-0.318,0.424,-122.620,3.906,54.321
0.426,-0.248,0.370,-133.240,3.601,60.608

1.283,-1.226,0.909,338.379,20.447,-92.651
1.358,-1.378,1.046,323.364,-8.545,-75.439
1.295,-1.302,1.432,300.354,-41.748,-48.279
-0.809,-1.606,3.890,304.932,-53.345,-31.433
-1.197,-4.000,4.000,278.809,187.195,-89.355
2.486,-2.993,3.988,-19.409,227.783,-7.324
2.054,-0.085,1.873,-242.371,66.101,188.660
1.516,-1.032,2.353,-237.305,152.710,139.343
1.188,-1.804,1.704,-235.229,129.578,111.755
0.828,-1.532,0.547,-218.262,37.415,123.657
0.427,-1.147,-0.016,-195.129,-10.620,105.713
0.545,-0.980,0.200,-180.237,-11.414,88.989
0.573,-1.013,0.098,-183.655,-26.978,79.956
0.524,-0.951,0.137,-200.562,-40.161,66.650
0.428,-0.854,0.066,-213.745,-55.359,60.303
0.298,-0.734,-0.069,-221.802,-69.641,52.734
0.220,-0.530,-0.001,-224.426,-72.693,45.898
0.155,-0.467,-0.034,-216.125,-78.430,45.593
0.098,-0.355,-0.118,-205.139,-83.740,40.833
0.021,-0.259,-0.169,-195.190,-80.322,42.480
-0.056,-0.176,-0.172,-183.899,-69.031,46.814
-0.088,-0.072,-0.160,-172.791,-51.880,50.842
-0.081,-0.013,-0.165,-163.757,-32.471,59.082
-0.054,0.068,-0.158,-155.579,-12.207,65.918
-0.033,0.098,-0.143,-143.677,6.836,71.838
-0.016,0.140,-0.130,-128.723,22.156,72.388
0.009,0.144,-0.107,-109.497,34.790,69.580
0.028,0.168,-0.081,-88.318,44.922,61.768
0.076,0.192,-0.040,-66.650,51.514,52.856
0.146,0.208,0.015,-43.457,52.368,42.908
0.209,0.187,0.062,-18.066,47.485,30.518
0.242,0.143,0.099,6.897,38.757,16.357
0.255,0.102,0.129,29.419,27.832,1.709
0.268,0.065,0.155,49.072,16.724,-11.475
0.285,0.023,0.190,65.308,7.385,-23.315
0.318,-0.011,0.231,77.942,0.488,-32.532
0.360,-0.048,0.270,87.402,-4.089,-39.063
0.401,-0.090,0.312,93.994,-6.897,-43.213
0.453,-0.129,0.359,98.267,-8.728,-45.227
0.511,-0.157,0.420,101.135,-9.338,-45.044
0.579,-0.184,0.470,104.126,-10.437,-42.969
0.648,-0.218,0.510,107.300,-14.221,-40.344
0.696,-0.250,0.569,108.765,-18.372,-36.621
0.722,-0.272,0.630,109.375,-22.400,-32.898
0.715,-0.287,0.672,109.680,-26.428,-29.724
0.677,-0.304,0.692,107.666,-28.992,-26.855
0.619,-0.321,0.689,104.004,-29.480,-24.292
0.581,-0.337,0.685,98.633,-26.733,-22.400
0.595,-0.358,0.698,92.773,-20.752,-21.423
0.631,-0.392,0.724,87.830,-13.489,-21.606
0.641,-0.415,0.743,83.313,-7.263,-22.461
0.659,-0.428,0.748,78.918,-3.052,-23.804
0.686,-0.452,0.745,76.233,-0.427,-25.696
0.694,-0.474,0.750,73.547,1.465,-26.550
0.696,-0.481,0.766,70.862,3.479,-26.794
0.696,-0.480,0.778,68.176,5.188,-27.283
0.674,-0.479,0.781,65.796,7.385,-27.710
0.636,-0.470,0.775,62.988,11.047,-28.137
0.607,-0.462,0.760,60.730,15.320,-28.992
0.598,-0.464,0.742,59.509,20.874,-29.602
0.589,-0.472,0.736,57.983,27.161,-29.663
0.589,-0.471,0.746,55.908,33.508,-29.785
0.598,-0.466,0.764,52.429,38.574,-28.931
0.608,-0.455,0.776,47.913,41.382,-26.855
0.616,-0.445,0.773,43.640,41.931,-24.780
0.624,-0.439,0.761,39.551,41.504,-22.888
0.634,-0.432,0.767,36.438,41.260,-21.301
0.651,-0.437,0.729,34.241,40.466,-19.897
0.667,-0.440,0.742,32.776,41.321,-18.860
0.685,-0.436,0.752,31.067,42.236,-17.273
0.732,-0.454,0.783,29.297,41.382,-14.893
0.748,-0.440,0.771,26.550,37.354,-12.390
0.778,-0.443,0.789,23.621,32.166,-7.996
0.785,-0.462,0.758,20.386,24.475,-3.479
0.755,-0.470,0.728,16.907,17.761,-0.122
0.738,-0.470,0.724,14.404,13.672,3.113
0.752,-0.474,0.740,13.184,10.376,6.531
0.773,-0.495,0.751,12.634,5.493,10.864
0.769,-0.535,0.729,11.597,-1.038,14.648
0.735,-0.553,0.724,10.742,-6.592,17.212
0.721,-0.582,0.731,9.338,-11.230,20.691
0.709,-0.613,0.726,7.202,-16.541,23.560
0.675,-0.626,0.713,5.005,-21.301,25.085
0.639,-0.623,0.696,2.502,-24.353,25.330
0.615,-0.615,0.678,0.000,-25.452,25.269
0.586,-0.605,0.647,-2.319,-24.719,25.269
0.564,-0.586,0.627,-4.944,-22.217,25.452
0.551,-0.558,0.611,-7.385,-18.921,25.574
0.538,-0.524,0.587,-10.010,-15.747,26.123
0.525,-0.493,0.573,-12.634,-12.451,27.466
0.517,-0.461,0.566,-15.198,-9.827,29.114
0.509,-0.436,0.557,-17.090,-7.935,30.884
0.513,-0.423,0.556,-19.409,-6.104,32.593
0.524,-0.420,0.559,-20.935,-5.188,34.119
0.537,-0.421,0.559,-22.949,-5.066,34.668
0.556,-0.422,0.560,-25.879,-5.981,34.058
0.575,-0.422,0.562,-29.236,-7.812,32.898
0.603,-0.433,0.564,-31.982,-10.071,30.762
0.641,-0.451,0.570,-34.363,-11.719,27.588
0.680,-0.466,0.579,-35.278,-13.489,23.010
0.730,-0.476,0.598,-34.119,-15.503,18.005
0.792,-0.494,0.621,-30.518,-18.799,12.756
0.841,-0.504,0.646,-25.208,-23.987,7.019
0.889,-0.514,0.677,-18.555,-30.273,1.404
0.928,-0.521,0.705,-12.085,-37.476,-3.357
0.930,-0.518,0.719,-5.676,-45.471,-7.507
0.904,-0.508,0.719,-0.854,-53.284,-10.315
0.859,-0.500,0.707,2.502,-59.082,-11.536
0.805,-0.492,0.689,4.272,-61.401,-11.658
0.752,-0.479,0.668,4.333,-59.875,-11.169
0.699,-0.461,0.642,2.441,-54.565,-10.193
0.646,-0.437,0.615,-0.671,-45.959,-9.277
0.607,-0.408,0.586,-4.822,-35.156,-8.118
0.586,-0.375,0.566,-9.399,-23.499,-6.775
0.583,-0.350,0.556,-12.817,-13.245,-5.432
0.578,-0.342,0.548,-14.832,-5.676,-3.845
0.571,-0.339,0.547,-15.564,-0.610,-2.258
0.576,-0.337,0.559,-14.465,1.953,0.183
0.576,-0.344,0.553,-12.085,1.038,2.625

0.934,-1.449,0.635,331.238,-170.532,-86.670
0.868,-1.745,0.749,353.760,-194.336,-86.792
-1.308,-3.759,4.000,349.426,-176.025,-98.938
0.500,-4.000,4.000,165.649,178.101,-186.157
2.745,-2.763,4.000,-229.126,257.446,-22.400
2.694,-0.730,3.303,-428.589,148.132,192.444
1.692,-0.940,2.029,-505.371,147.156,144.836
0.365,-1.068,1.087,-439.758,103.638,126.648
-0.040,-0.932,0.506,-336.487,61.035,140.747
0.019,-0.902,-0.002,-276.306,21.851,138.367
-0.000,-0.491,-0.112,-241.211,31.860,106.873
0.043,-0.336,0.085,-208.130,80.994,92.651
0.043,-0.439,0.050,-187.195,96.680,89.111
0.212,-0.468,-0.020,-176.270,95.337,77.759
0.271,-0.497,-0.139,-167.419,87.402,75.989
0.124,-0.356,-0.200,-158.569,82.092,72.815
0.091,-0.242,-0.118,-148.132,81.116,66.162
0.109,-0.206,-0.177,-134.888,69.946,56.641
0.170,-0.174,-0.198,-123.413,59.692,47.424
0.181,-0.119,-0.157,-113.037,53.528,43.091
0.232,-0.047,-0.054,-102.905,45.532,40.039
0.271,0.023,0.003,-92.773,29.846,39.551
0.280,0.051,0.036,-81.726,10.315,40.710
0.255,0.075,0.037,-70.313,-10.254,40.405
0.221,0.118,0.044,-57.556,-29.663,40.527
0.193,0.122,0.042,-42.786,-46.326,41.992
0.168,0.096,0.036,-25.879,-59.570,42.114
0.141,0.050,0.047,-9.277,-68.970,40.222
0.106,0.027,0.067,6.592,-74.524,36.255
0.097,0.004,0.092,23.132,-76.904,31.555
0.107,-0.025,0.121,40.527,-76.782,25.452
0.109,-0.058,0.143,57.617,-74.524,17.517
0.117,-0.087,0.169,73.730,-69.824,8.423
0.153,-0.113,0.212,89.783,-62.988,-1.221
0.213,-0.139,0.257,106.384,-55.847,-11.169
0.283,-0.170,0.308,123.718,-49.927,-21.423
0.358,-0.213,0.365,140.747,-45.532,-29.846
0.435,-0.258,0.419,156.677,-43.457,-35.339
0.482,-0.299,0.457,170.471,-44.312,-38.208
0.489,-0.339,0.488,181.335,-47.668,-38.452
0.471,-0.379,0.512,188.660,-52.002,-37.109
0.451,-0.419,0.533,192.200,-55.847,-35.339
0.427,-0.467,0.545,192.688,-58.167,-33.508
0.390,-0.514,0.552,189.148,-58.228,-31.860
0.365,-0.554,0.569,183.533,-55.054,-30.762
0.373,-0.597,0.596,177.307,-49.500,-30.945
0.393,-0.644,0.635,171.875,-42.358,-31.372
0.419,-0.688,0.659,166.748,-36.133,-31.982
0.441,-0.727,0.665,161.987,-32.349,-32.959
0.448,-0.764,0.667,158.264,-29.602,-33.081
0.435,-0.793,0.665,154.053,-27.283,-32.776
0.428,-0.819,0.671,148.621,-23.804,-31.738
0.433,-0.842,0.689,142.151,-18.677,-30.945
0.426,-0.848,0.708,134.094,-12.695,-30.518
0.411,-0.839,0.716,122.925,-7.324,-30.334
0.418,-0.834,0.724,110.291,-1.770,-29.785
0.457,-0.849,0.746,97.107,3.662,-28.625
0.508,-0.877,0.771,84.595,7.202,-27.771
0.541,-0.901,0.788,73.181,7.690,-27.771
0.553,-0.899,0.800,63.293,6.104,-28.320
0.554,-0.884,0.805,54.138,3.906,-28.442
0.543,-0.855,0.795,46.326,1.038,-27.649
0.529,-0.828,0.781,39.551,-0.488,-25.879
0.513,-0.805,0.767,33.508,-0.427,-22.888
0.499,-0.786,0.757,27.832,1.282,-18.921
0.487,-0.774,0.745,22.949,5.432,-14.404
0.473,-0.757,0.726,18.188,11.169,-9.949
0.477,-0.749,0.724,13.794,18.127,-5.310
0.463,-0.717,0.680,9.705,25.085,-1.770
0.495,-0.735,0.708,7.446,33.936,2.625
0.525,-0.740,0.703,6.287,39.063,5.737
0.552,-0.726,0.713,5.188,41.077,8.728
0.581,-0.715,0.718,4.028,39.978,11.536
0.595,-0.703,0.699,2.686,34.546,14.465
0.561,-0.681,0.658,0.854,28.137,17.090
0.520,-0.659,0.629,-0.610,24.170,19.653
0.501,-0.651,0.622,-1.587,21.912,22.522
0.505,-0.656,0.626,-3.235,19.653,24.902
0.517,-0.665,0.635,-6.104,16.357,26.367
0.536,-0.686,0.640,-8.667,10.986,26.550
0.546,-0.724,0.641,-10.376,3.662,25.879
0.540,-0.762,0.624,-10.437,-4.578,24.414
0.524,-0.784,0.615,-9.949,-12.512,22.888
0.499,-0.784,0.605,-9.094,-19.226,21.484
0.477,-0.781,0.597,-8.179,-24.292,20.142
0.459,-0.787,0.604,-8.606,-26.917,19.409
0.439,-0.775,0.611,-11.597,-27.771,18.860
0.420,-0.757,0.610,-16.418,-26.672,18.921
0.409,-0.734,0.607,-22.400,-23.682,19.165
0.405,-0.703,0.596,-27.954,-19.836,19.653
0.420,-0.668,0.582,-32.410,-15.747,20.508
0.461,-0.646,0.573,-35.339,-12.695,20.813
0.495,-0.630,0.568,-38.025,-11.963,20.996
0.510,-0.629,0.554,-40.955,-13.306,21.423
0.523,-0.661,0.543,-44.617,-16.479,22.217
0.531,-0.689,0.533,-48.706,-20.691,23.315
0.522,-0.685,0.528,-51.819,-25.085,24.109
0.511,-0.674,0.523,-52.002,-29.297,24.658
0.503,-0.673,0.521,-49.377,-32.654,25.330
0.500,-0.683,0.527,-44.800,-35.095,25.391
0.494,-0.689,0.530,-38.818,-36.072,24.292
0.488,-0.693,0.537,-32.532,-35.461,21.606
0.490,-0.698,0.545,-25.879,-33.752,17.212
0.500,-0.700,0.552,-18.799,-31.250,11.597
0.516,-0.705,0.566,-11.597,-28.198,5.066
0.525,-0.715,0.575,-4.333,-25.391,-0.977
0.532,-0.729,0.578,2.136,-23.132,-5.981
0.532,-0.750,0.574,6.409,-20.691,-10.376
0.525,-0.763,0.567,8.484,-17.822,-13.672
0.510,-0.763,0.558,7.935,-14.160,-15.503
0.497,-0.769,0.550,4.944,-9.460,-16.357
0.485,-0.767,0.538,0.427,-4.089,-16.357
0.476,-0.752,0.526,-4.944,1.587,-15.991
0.478,-0.736,0.529,-10.071,7.690,-15.503
0.477,-0.727,0.525,-13.611,12.634,-15.381
0.475,-0.702,0.524,-16.296,16.663,-15.808
0.473,-0.675,0.523,-17.151,19.348,-16.479
0.472,-0.654,0.530,-15.930,20.752,-16.541
0.467,-0.639,0.542,-13.184,19.958,-15.747

-0.093,-4.000,4.000,0.244,467.346,-44.678
2.963,-0.819,2.942,-244.507,561.096,38.269
2.871,1.483,1.820,-364.441,408.142,153.992
1.706,0.864,1.421,-286.865,357.361,110.840
0.618,0.165,0.511,-173.706,238.281,96.558
0.126,-0.272,0.069,-69.885,172.974,114.685
0.592,-0.671,0.340,-36.316,132.629,114.014
0.299,-0.631,-0.095,-37.781,71.350,73.486
0.491,-0.558,0.206,-50.476,49.500,39.185
0.464,-0.473,0.052,-54.688,8.667,36.560
0.508,-0.347,-0.024,-53.833,-22.278,34.241
0.485,-0.246,-0.113,-49.805,-47.852,39.856
0.339,-0.187,-0.101,-47.058,-67.749,45.959
0.140,-0.179,-0.014,-47.485,-74.707,50.476
0.095,-0.140,0.107,-51.453,-73.547,52.063
0.182,-0.081,0.152,-56.274,-73.914,50.903
0.186,0.041,0.107,-60.059,-77.515,46.326
0.201,0.089,0.135,-59.326,-76.782,44.128
0.209,0.085,0.124,-53.406,-75.989,41.138
0.241,0.058,0.114,-44.983,-73.364,34.363
0.270,0.036,0.132,-34.363,-69.336,25.208
0.263,0.028,0.138,-22.827,-65.369,13.672
0.228,0.026,0.133,-11.230,-60.791,1.648
0.227,0.021,0.145,-0.610,-53.345,-9.766
0.271,-0.001,0.167,10.437,-44.373,-21.545
0.312,-0.038,0.183,20.813,-35.645,-31.921
0.353,-0.080,0.224,28.625,-27.405,-40.649
0.433,-0.112,0.290,33.875,-19.653,-48.157
0.567,-0.147,0.367,38.574,-14.038,-54.810
0.697,-0.190,0.432,42.847,-12.085,-60.791
0.769,-0.224,0.475,46.631,-14.343,-65.430
0.784,-0.243,0.497,48.767,-19.470,-67.261
0.774,-0.257,0.509,50.110,-26.367,-66.467
0.777,-0.268,0.522,51.270,-32.837,-64.270
0.780,-0.280,0.529,52.917,-39.001,-60.974
0.750,-0.296,0.513,54.688,-44.556,-56.152
0.682,-0.315,0.486,56.030,-48.218,-50.293
0.603,-0.337,0.470,56.091,-47.668,-43.335
0.567,-0.361,0.468,54.688,-42.786,-37.170
0.572,-0.392,0.482,53.406,-34.668,-33.142
0.579,-0.424,0.494,53.101,-25.635,-32.227
0.567,-0.440,0.488,53.040,-17.517,-33.691
0.544,-0.447,0.484,53.894,-9.583,-35.950
0.553,-0.451,0.504,54.749,-1.404,-38.086
0.583,-0.449,0.532,55.908,6.042,-40.588
0.600,-0.437,0.551,57.617,11.230,-42.908
0.593,-0.429,0.554,59.082,14.587,-44.189
0.566,-0.432,0.530,60.181,17.761,-43.945
0.535,-0.436,0.499,60.181,21.667,-42.053
0.520,-0.443,0.486,58.350,27.832,-39.001
0.555,-0.459,0.505,55.603,34.912,-35.828
0.602,-0.468,0.534,52.795,40.039,-34.241
0.619,-0.462,0.548,49.988,41.870,-33.936
0.667,-0.468,0.570,47.852,41.016,-34.119
0.748,-0.492,0.602,48.096,37.476,-33.997
0.792,-0.501,0.612,49.500,29.846,-33.264
0.806,-0.501,0.607,50.903,18.738,-31.189
0.808,-0.500,0.607,52.063,7.202,-28.076
0.804,-0.499,0.609,52.307,-2.808,-24.170
0.787,-0.498,0.604,51.819,-11.047,-19.958
0.763,-0.501,0.593,49.133,-17.151,-15.747
0.752,-0.531,0.584,46.387,-20.691,-11.719
0.766,-0.577,0.584,44.373,-22.156,-8.728
0.771,-0.614,0.572,43.884,-22.644,-7.507
0.752,-0.630,0.580,44.250,-20.935,-7.507
0.766,-0.659,0.608,45.776,-17.761,-7.812
0.799,-0.670,0.635,48.401,-14.893,-9.216
0.855,-0.698,0.692,51.636,-13.245,-9.827
0.881,-0.705,0.691,53.223,-16.418,-9.338
0.902,-0.699,0.695,53.833,-21.484,-6.775
0.897,-0.688,0.690,53.589,-27.649,-2.869
0.846,-0.666,0.669,52.612,-33.203,2.197
0.787,-0.643,0.665,50.476,-36.499,9.033
0.741,-0.645,0.664,46.997,-38.269,16.846
0.696,-0.663,0.660,42.419,-39.307,24.414
0.637,-0.672,0.639,36.499,-39.551,31.067
0.568,-0.658,0.613,29.602,-37.292,36.133
0.518,-0.646,0.604,22.888,-33.203,39.917
0.506,-0.644,0.598,16.235,-28.931,42.114
0.512,-0.650,0.591,9.583,-25.208,41.809
0.516,-0.652,0.584,3.052,-21.973,39.673
0.521,-0.650,0.570,-3.357,-19.653,35.706
0.547,-0.642,0.555,-9.094,-18.555,30.518
0.595,-0.633,0.550,-13.367,-18.616,24.658
0.640,-0.633,0.547,-16.602,-20.386,18.677
0.675,-0.638,0.542,-18.616,-23.926,13.184
0.706,-0.646,0.539,-18.982,-28.259,8.057
0.743,-0.665,0.540,-17.212,-32.654,3.174
0.771,-0.678,0.550,-13.794,-36.865,-0.977
0.782,-0.683,0.565,-9.155,-40.344,-3.906
0.777,-0.687,0.574,-3.723,-43.030,-6.226
0.764,-0.685,0.579,1.587,-44.678,-7.629
0.736,-0.670,0.572,5.554,-44.006,-8.057
0.700,-0.646,0.561,7.385,-40.405,-7.812
0.671,-0.624,0.552,7.751,-33.813,-6.836
0.641,-0.600,0.538,7.019,-24.780,-5.615
0.606,-0.574,0.522,5.249,-13.916,-4.089
0.577,-0.546,0.506,2.991,-2.441,-2.869
0.564,-0.512,0.497,0.610,9.216,-1.282
0.558,-0.484,0.489,-1.831,20.081,0.549
0.552,-0.458,0.483,-3.723,29.053,1.831
0.556,-0.439,0.475,-4.761,35.645,3.052
0.564,-0.431,0.465,-5.920,40.039,4.089
0.570,-0.434,0.456,-6.775,41.748,4.883
0.568,-0.439,0.444,-7.324,41.199,5.615
0.573,-0.443,0.440,-8.423,39.001,5.981
0.591,-0.443,0.439,-8.728,35.400,5.554
0.612,-0.443,0.437,-8.484,30.212,4.028
0.626,-0.448,0.430,-8.179,23.499,1.770
0.636,-0.455,0.421,-8.057,15.930,-0.488
0.646,-0.464,0.415,-7.568,8.179,-2.563
0.656,-0.473,0.410,-7.324,0.854,-3.906
0.672,-0.489,0.407,-6.042,-5.920,-5.249
0.692,-0.519,0.405,-4.456,-12.451,-6.409
0.696,-0.562,0.400,-3.174,-18.555,-6.897
0.700,-0.609,0.392,-3.052,-23.804,-6.409
0.711,-0.665,0.382,-4.700,-27.161,-4.822
0.714,-0.716,0.368,-9.277,-29.175,-2.930
0.717,-0.756,0.354,-16.357,-30.029,0.061

-0.267,-1.330,1.866,191.772,-100.891,-63.171
0.601,-4.000,4.000,174.438,74.036,-138.672
3.670,-3.982,4.000,-117.615,113.342,-124.268
2.645,-1.093,2.978,-315.918,15.015,162.170
1.061,-0.237,1.901,-385.498,54.077,166.748
0.181,-0.546,1.204,-354.187,65.247,124.695
-0.236,-0.728,0.484,-274.475,54.382,127.136
-0.284,-0.574,0.062,-216.125,48.035,125.732
-0.221,-0.327,0.058,-181.030,65.613,116.577
0.031,-0.427,0.198,-156.921,80.566,107.422
0.028,-0.480,0.090,-148.743,71.899,86.792
-0.045,-0.460,-0.029,-137.634,80.566,74.951
-0.034,-0.279,-0.034,-120.667,96.680,75.317
0.032,-0.137,-0.006,-102.173,104.431,76.355
0.076,-0.127,-0.021,-86.487,101.013,74.280
0.016,-0.142,-0.070,-76.233,94.543,67.383
-0.010,-0.091,-0.090,-67.627,93.994,61.340
0.022,-0.004,-0.078,-59.814,96.191,59.570
0.069,0.078,-0.046,-53.101,95.581,62.439
0.139,0.096,-0.003,-47.363,89.966,68.298
0.203,0.066,0.041,-42.419,79.773,72.083
0.237,0.059,0.059,-38.574,65.735,70.557
0.263,0.087,0.093,-34.241,50.354,65.491
0.305,0.089,0.130,-29.053,33.325,58.838
0.343,0.062,0.149,-23.132,13.672,50.415
0.356,0.023,0.155,-17.029,-6.165,40.833
0.358,-0.001,0.160,-12.024,-25.574,29.419
0.344,0.001,0.155,-6.531,-44.312,16.785
0.340,-0.000,0.156,0.366,-59.937,5.066
0.348,-0.010,0.168,8.362,-72.571,-4.700
0.379,-0.026,0.193,17.151,-82.092,-13.000
0.443,-0.061,0.234,27.283,-89.783,-19.836
0.514,-0.104,0.277,38.330,-96.680,-24.902
0.587,-0.138,0.324,50.964,-104.431,-30.029
0.657,-0.160,0.380,65.613,-112.915,-34.363
0.702,-0.178,0.433,81.238,-122.559,-37.109
0.703,-0.196,0.467,96.680,-133.240,-37.659
0.653,-0.217,0.479,111.084,-143.860,-36.377
0.578,-0.248,0.479,122.253,-151.367,-33.630
0.504,-0.285,0.484,129.700,-153.320,-29.053
0.416,-0.329,0.494,133.118,-148.926,-22.705
0.328,-0.378,0.500,131.775,-138.733,-16.296
0.267,-0.428,0.500,126.953,-122.742,-11.169
0.216,-0.455,0.492,119.873,-101.196,-8.118
0.215,-0.483,0.506,110.718,-74.951,-6.348
0.262,-0.524,0.536,103.455,-47.852,-5.920
0.303,-0.557,0.567,97.900,-25.513,-7.751
0.348,-0.580,0.602,93.506,-8.240,-11.108
0.400,-0.592,0.634,90.759,4.700,-14.893
0.424,-0.590,0.656,88.928,12.817,-18.188
0.418,-0.570,0.660,87.036,17.029,-20.508
0.404,-0.552,0.657,85.815,19.348,-21.362
0.413,-0.548,0.660,85.205,20.813,-21.423
0.424,-0.547,0.667,83.801,21.790,-20.752
0.431,-0.550,0.678,81.848,21.790,-19.470
0.460,-0.572,0.696,80.505,20.325,-18.677
0.507,-0.607,0.719,80.566,17.883,-19.287
0.551,-0.630,0.742,81.726,12.939,-21.301
0.587,-0.646,0.770,82.886,5.615,-23.621
0.605,-0.660,0.789,84.351,-2.563,-25.635
0.599,-0.672,0.790,85.693,-11.475,-27.954
0.576,-0.678,0.786,86.243,-18.860,-29.419
0.544,-0.672,0.781,84.595,-23.437,-29.053
0.512,-0.670,0.781,81.787,-24.963,-27.344
0.489,-0.674,0.778,78.125,-23.315,-24.658
0.487,-0.690,0.786,73.853,-19.348,-21.606
0.490,-0.703,0.786,69.641,-13.855,-19.470
0.491,-0.705,0.799,65.002,-7.507,-17.822
0.478,-0.691,0.786,59.875,-1.831,-16.663
0.482,-0.681,0.794,55.115,3.906,-14.893
0.498,-0.669,0.786,50.354,7.751,-12.634
0.502,-0.656,0.777,45.166,9.338,-9.766
0.518,-0.665,0.776,40.344,9.216,-6.287
0.545,-0.709,0.773,36.011,7.202,-2.808
0.544,-0.745,0.765,33.142,3.601,-0.305
0.536,-0.763,0.765,30.762,0.000,1.221
0.552,-0.787,0.779,28.381,-3.479,3.052
0.587,-0.825,0.802,26.245,-7.874,4.578
0.604,-0.849,0.814,24.780,-13.855,5.249
0.580,-0.848,0.806,22.644,-20.996,5.920
0.542,-0.835,0.791,20.264,-27.405,7.629
0.504,-0.828,0.783,18.555,-31.433,10.254
0.462,-0.823,0.779,16.907,-33.264,13.489
0.419,-0.819,0.771,14.465,-33.447,16.785
0.376,-0.801,0.750,10.132,-31.860,19.958
0.351,-0.776,0.725,3.601,-28.809,22.400
0.342,-0.756,0.698,-4.517,-24.780,23.865
0.337,-0.738,0.667,-13.428,-20.386,24.353
0.344,-0.715,0.641,-22.888,-15.930,23.743
0.359,-0.688,0.616,-32.654,-12.390,22.644
0.383,-0.664,0.597,-41.260,-10.376,21.118
0.416,-0.650,0.587,-49.011,-9.705,19.775
0.442,-0.640,0.576,-55.359,-11.230,18.127
0.455,-0.632,0.569,-59.509,-14.343,16.541
0.461,-0.622,0.564,-61.462,-18.372,14.771
0.467,-0.617,0.556,-60.730,-22.949,12.756
0.481,-0.625,0.558,-57.068,-27.100,9.949
0.488,-0.636,0.561,-50.964,-30.029,6.958
0.488,-0.651,0.575,-42.419,-31.860,2.869
0.482,-0.656,0.590,-32.776,-32.288,-1.770
0.473,-0.653,0.604,-22.888,-31.067,-5.981
0.458,-0.647,0.608,-13.062,-28.748,-10.437
0.438,-0.636,0.605,-5.005,-24.658,-13.672
0.425,-0.621,0.598,0.916,-18.677,-15.259
0.411,-0.606,0.585,5.188,-11.292,-15.686
0.393,-0.586,0.571,7.080,-2.930,-14.709
0.371,-0.566,0.557,6.775,6.531,-12.390
0.355,-0.547,0.542,4.761,16.968,-9.155
0.343,-0.529,0.527,1.648,27.283,-5.127
0.326,-0.521,0.511,-2.563,37.720,-1.099
0.318,-0.526,0.497,-6.897,47.791,3.174
0.320,-0.532,0.484,-10.925,57.739,6.531
0.321,-0.536,0.469,-14.343,67.017,9.155
0.316,-0.539,0.450,-17.151,75.562,10.681
0.313,-0.546,0.434,-19.043,84.412,11.963
0.323,-0.560,0.420,-19.897,93.811,12.817
0.334,-0.569,0.401,-19.470,104.248,13.123
0.346,-0.590,0.389,-17.883,117.737,13.367
0.381,-0.618,0.377,-16.724,134.338,13.855

0.892,-1.271,0.671,225.464,-166.199,-42.175
-0.274,-4.000,4.000,226.501,-143.494,-77.209
3.793,-4.000,4.000,-174.622,11.902,-170.105
2.164,-1.964,2.698,-428.528,-76.599,137.268
0.894,-0.325,1.400,-502.991,-25.879,213.928
0.116,0.481,0.964,-471.802,39.429,128.479
-0.189,0.485,0.263,-313.232,37.720,116.455
0.242,-0.011,0.012,-171.143,8.850,108.032
0.217,-0.154,-0.153,-99.609,-4.456,86.243
0.051,-0.144,-0.009,-69.702,13.489,73.181
-0.138,-0.219,-0.026,-57.251,23.987,76.782
-0.101,-0.200,-0.017,-53.284,29.297,74.951
0.062,-0.191,-0.038,-47.180,28.503,73.975
0.114,-0.131,-0.069,-40.771,23.682,74.280
0.025,-0.088,-0.130,-37.964,18.860,72.998
-0.081,-0.011,-0.176,-38.208,17.822,72.266
-0.130,0.067,-0.183,-40.344,21.423,74.524
-0.075,0.109,-0.135,-41.077,30.090,77.087
-0.015,0.140,-0.058,-39.856,37.109,78.430
0.005,0.169,0.021,-37.781,40.466,78.491
0.008,0.208,0.093,-34.119,40.222,77.942
0.039,0.225,0.144,-28.931,36.316,76.721
0.083,0.230,0.190,-21.851,30.579,73.730
0.130,0.217,0.225,-13.245,22.278,68.909
0.139,0.180,0.220,-2.808,11.658,61.218
0.131,0.154,0.220,8.484,2.563,50.537
0.162,0.124,0.250,21.729,-4.211,38.879
0.195,0.116,0.273,35.706,-12.146,26.489
0.256,0.051,0.296,51.453,-20.386,15.564
0.340,0.001,0.352,67.932,-28.687,1.343
0.425,-0.034,0.424,84.961,-38.696,-13.794
0.488,-0.067,0.473,101.807,-51.575,-28.015
0.524,-0.109,0.503,117.126,-65.369,-39.429
0.529,-0.152,0.526,129.272,-77.881,-46.875
0.504,-0.198,0.538,138.123,-88.074,-51.147
0.461,-0.239,0.545,144.653,-95.215,-53.833
0.409,-0.274,0.539,147.827,-98.999,-54.871
0.360,-0.301,0.531,147.156,-98.877,-54.321
0.325,-0.325,0.531,143.555,-94.666,-51.941
0.280,-0.351,0.517,137.024,-87.280,-48.767
0.219,-0.374,0.482,128.357,-76.660,-45.471
0.184,-0.404,0.464,119.202,-60.852,-42.297
0.187,-0.443,0.479,109.985,-41.565,-40.222
0.225,-0.484,0.499,102.051,-22.583,-40.649
0.289,-0.530,0.518,97.229,-6.409,-44.800
0.340,-0.572,0.559,93.933,7.141,-49.866
0.368,-0.596,0.600,89.417,17.517,-53.040
0.402,-0.616,0.628,85.022,23.743,-54.871
0.420,-0.627,0.641,81.116,27.161,-55.054
0.428,-0.634,0.647,76.782,29.785,-52.979
0.440,-0.651,0.652,73.303,31.982,-50.232
0.435,-0.657,0.639,71.350,32.959,-48.340
0.444,-0.651,0.647,68.665,34.302,-45.532
0.507,-0.678,0.685,66.772,35.889,-41.504
0.566,-0.706,0.715,65.796,33.752,-38.452
0.557,-0.707,0.723,63.660,28.198,-36.011
0.513,-0.685,0.709,59.875,22.400,-33.691
0.468,-0.658,0.682,54.688,19.165,-31.372
0.441,-0.640,0.662,49.377,20.264,-29.419
0.432,-0.631,0.647,44.739,25.574,-28.198
0.413,-0.625,0.644,38.818,34.729,-26.611
0.411,-0.625,0.650,32.104,46.631,-22.949
0.453,-0.645,0.666,26.062,59.998,-17.883
0.541,-0.674,0.709,23.743,71.777,-14.709
0.660,-0.712,0.722,25.696,77.820,-14.282
0.719,-0.713,0.746,29.114,78.674,-15.747
0.755,-0.699,0.795,32.227,75.562,-16.357
0.772,-0.695,0.774,33.630,63.660,-16.663
0.769,-0.691,0.746,32.959,49.438,-15.137
0.754,-0.696,0.734,30.029,36.865,-11.963
0.702,-0.699,0.697,24.658,24.719,-7.874
0.668,-0.733,0.657,20.203,17.029,-3.967
0.678,-0.785,0.664,17.761,14.954,-2.319
0.693,-0.813,0.687,18.188,16.479,-2.441
0.730,-0.823,0.723,21.729,18.005,-4.089
0.810,-0.832,0.773,27.588,16.541,-6.592
0.876,-0.836,0.811,35.095,10.620,-9.521
0.880,-0.816,0.826,42.908,1.099,-11.963
0.860,-0.786,0.834,49.377,-9.521,-12.207
0.818,-0.763,0.827,53.772,-21.179,-9.644
0.746,-0.747,0.800,53.528,-32.593,-4.089
0.666,-0.735,0.757,47.791,-42.236,3.174
0.595,-0.729,0.702,37.415,-48.828,10.681
0.538,-0.725,0.657,22.705,-51.208,18.066
0.497,-0.721,0.628,5.310,-49.255,24.719
0.462,-0.718,0.601,-11.719,-44.617,28.931
0.442,-0.719,0.586,-27.161,-37.903,30.396
0.440,-0.717,0.571,-39.307,-30.334,29.724
0.445,-0.710,0.552,-48.157,-23.254,27.893
0.451,-0.711,0.534,-53.711,-17.151,25.391
0.457,-0.708,0.517,-56.213,-12.390,22.766
0.469,-0.697,0.502,-55.359,-8.850,19.775
0.503,-0.693,0.507,-49.927,-5.737,15.747
0.557,-0.708,0.523,-39.978,-3.662,10.071
0.608,-0.728,0.541,-27.649,-3.357,2.380
0.635,-0.751,0.559,-14.709,-4.150,-5.737
0.635,-0.774,0.580,-3.113,-6.042,-13.733
0.645,-0.797,0.601,5.859,-8.240,-19.653
0.645,-0.808,0.608,11.963,-10.681,-23.132
0.611,-0.804,0.603,13.977,-12.634,-24.292
0.566,-0.792,0.589,12.939,-12.451,-23.621
0.522,-0.777,0.568,8.423,-9.644,-20.691
0.485,-0.759,0.552,2.441,-4.028,-16.541
0.449,-0.738,0.535,-4.700,4.395,-12.024
0.412,-0.709,0.513,-11.719,15.381,-7.690
0.383,-0.682,0.496,-17.883,27.588,-4.272
0.367,-0.645,0.479,-22.644,40.771,-2.869
0.359,-0.605,0.457,-26.672,53.772,-2.136
0.367,-0.567,0.435,-29.968,65.552,-2.258
0.390,-0.530,0.413,-33.020,75.073,-2.930
0.426,-0.504,0.397,-35.583,81.665,-3.723
0.479,-0.489,0.387,-38.452,85.266,-5.005
0.532,-0.480,0.381,-42.053,85.571,-5.859
0.584,-0.475,0.370,-46.021,81.848,-6.042
0.633,-0.468,0.358,-49.011,74.768,-6.348
0.675,-0.456,0.355,-50.903,64.941,-6.409
0.720,-0.445,0.361,-50.537,52.979,-5.981
0.781,-0.452,0.366,-46.631,38.818,-5.798
0.817,-0.478,0.361,-39.307,22.278,-5.615

2.725,-3.108,4.000,-243.286,429.810,-72.449
2.410,0.259,2.746,-433.289,260.925,124.329
1.630,0.333,2.036,-440.613,197.571,121.704
0.450,-0.238,1.030,-367.676,145.142,84.839
0.188,-0.402,0.607,-249.817,109.131,97.900
0.101,-0.377,-0.003,-173.706,74.036,94.971
0.215,-0.351,0.095,-131.836,83.801,68.481
0.238,-0.487,0.200,-113.220,85.205,54.871
0.251,-0.567,0.078,-110.901,63.416,43.152
0.303,-0.612,-0.014,-108.154,42.969,35.950
0.227,-0.471,-0.120,-104.675,28.931,32.166
0.119,-0.291,-0.168,-100.159,23.254,28.625
0.120,-0.261,-0.157,-95.276,24.109,27.649
0.166,-0.238,-0.066,-96.252,27.405,27.222
0.188,-0.146,-0.026,-102.661,28.015,29.968
0.196,-0.039,-0.030,-108.215,24.597,36.865
0.191,0.038,-0.042,-111.023,20.142,43.335
0.181,0.076,-0.061,-110.046,16.052,49.622
0.182,0.110,-0.068,-105.469,13.550,52.185
0.210,0.142,-0.053,-96.558,12.207,49.805
0.248,0.166,-0.025,-83.801,10.620,43.457
0.284,0.173,-0.003,-67.688,7.629,33.997
0.309,0.170,0.016,-49.866,3.235,21.362
0.320,0.162,0.036,-31.311,-1.953,7.812
0.318,0.152,0.053,-13.550,-7.874,-3.967
0.320,0.138,0.064,2.869,-13.428,-13.428
0.342,0.104,0.094,17.456,-17.883,-20.691
0.385,0.060,0.138,30.273,-21.118,-26.367
0.434,0.014,0.182,41.870,-24.109,-31.799
0.501,-0.030,0.226,52.429,-27.161,-36.865
0.586,-0.077,0.276,62.805,-30.640,-41.382
0.676,-0.118,0.340,73.486,-34.607,-44.556
0.744,-0.156,0.398,83.130,-39.612,-45.410
0.783,-0.190,0.441,91.675,-47.485,-44.128
0.799,-0.222,0.472,98.877,-57.251,-40.405
0.797,-0.252,0.504,103.577,-66.772,-33.813
0.780,-0.285,0.537,106.384,-76.172,-26.123
0.755,-0.322,0.554,108.765,-85.266,-19.531
0.715,-0.348,0.559,109.497,-93.445,-13.855
0.681,-0.367,0.572,108.948,-98.816,-7.935
0.641,-0.386,0.583,107.971,-101.074,-2.563
0.595,-0.404,0.587,107.849,-100.281,2.014
0.546,-0.418,0.588,109.924,-96.436,4.944
0.519,-0.434,0.602,114.380,-89.783,5.859
0.513,-0.459,0.625,121.826,-81.482,5.066
0.503,-0.494,0.641,131.470,-73.486,1.770
0.461,-0.517,0.643,141.235,-65.308,-3.174
0.415,-0.530,0.657,148.743,-55.176,-8.240
0.389,-0.543,0.678,152.832,-43.457,-12.085
0.362,-0.547,0.684,151.733,-31.433,-13.550
0.334,-0.547,0.677,146.362,-20.081,-13.000
0.333,-0.556,0.677,138.367,-9.033,-11.597
0.349,-0.573,0.676,129.272,1.465,-9.094
0.372,-0.594,0.676,119.873,11.536,-6.104
0.389,-0.612,0.676,111.755,20.020,-5.005
0.422,-0.635,0.685,105.103,26.917,-5.676
0.482,-0.675,0.708,100.464,32.166,-7.996
0.522,-0.707,0.739,96.558,35.095,-11.902
0.539,-0.718,0.773,91.187,34.851,-16.052
0.557,-0.711,0.789,83.374,31.616,-19.592
0.571,-0.701,0.782,73.303,26.306,-21.606
0.568,-0.688,0.766,60.730,20.325,-22.156
0.557,-0.675,0.751,47.302,15.381,-21.973
0.556,-0.661,0.743,33.936,12.390,-21.240
0.560,-0.652,0.738,22.339,10.925,-19.348
0.548,-0.641,0.731,11.963,9.827,-16.296
0.540,-0.630,0.726,4.517,9.338,-12.634
0.534,-0.613,0.719,-0.427,8.789,-8.911
0.510,-0.585,0.693,-3.296,8.728,-5.310
0.495,-0.567,0.695,-3.479,10.498,-2.197
0.501,-0.570,0.698,-1.953,13.062,0.977
0.508,-0.578,0.694,0.732,15.503,3.357
0.517,-0.595,0.699,3.479,18.250,4.456
0.544,-0.620,0.710,6.653,20.508,3.845
0.570,-0.648,0.716,10.742,21.790,2.441
0.598,-0.667,0.732,15.259,22.095,-0.061
0.633,-0.682,0.751,19.348,20.630,-2.441
0.668,-0.679,0.771,22.888,16.846,-4.211
0.680,-0.663,0.781,24.902,10.315,-4.578
0.662,-0.648,0.764,25.024,2.014,-2.869
0.627,-0.642,0.740,22.522,-6.470,1.038
0.575,-0.629,0.714,16.296,-13.184,6.226
0.527,-0.607,0.692,6.714,-17.761,12.329
0.487,-0.582,0.664,-4.395,-20.081,18.188
0.471,-0.571,0.642,-15.930,-19.897,23.376
0.470,-0.569,0.622,-26.794,-18.433,26.367
0.484,-0.561,0.607,-35.278,-16.663,27.222
0.503,-0.548,0.598,-40.894,-14.587,26.550
0.518,-0.537,0.595,-44.006,-12.268,24.902
0.547,-0.535,0.609,-43.884,-10.559,22.644
0.595,-0.548,0.628,-41.748,-10.254,20.081
0.642,-0.567,0.641,-37.109,-13.062,17.212
0.679,-0.586,0.664,-30.518,-18.127,13.245
0.712,-0.600,0.686,-22.583,-24.597,8.179
0.732,-0.610,0.705,-14.832,-31.921,2.441
0.737,-0.626,0.719,-7.324,-38.818,-3.174
0.732,-0.645,0.734,-0.732,-44.067,-8.667
0.710,-0.651,0.734,4.333,-47.058,-13.428
0.674,-0.654,0.725,7.812,-47.058,-16.357
0.645,-0.663,0.712,9.766,-44.128,-18.005
0.623,-0.666,0.703,9.399,-38.086,-18.372
0.596,-0.648,0.692,7.629,-30.212,-18.188
0.560,-0.622,0.669,5.127,-20.874,-17.212
0.525,-0.597,0.648,1.343,-10.315,-14.954
0.490,-0.576,0.617,-2.930,0.427,-11.414
0.466,-0.552,0.599,-7.446,11.902,-7.324
0.448,-0.531,0.581,-12.268,22.705,-3.357
0.423,-0.517,0.560,-16.785,31.921,0.061
0.391,-0.501,0.532,-20.935,39.673,3.235
0.367,-0.485,0.512,-24.353,46.814,5.676
0.353,-0.465,0.492,-26.794,52.734,6.592
0.361,-0.446,0.482,-29.297,57.129,5.859
0.386,-0.431,0.472,-31.799,58.411,3.296
0.420,-0.414,0.450,-34.485,55.969,-0.854
0.463,-0.404,0.433,-37.170,50.781,-5.615
0.502,-0.401,0.413,-39.734,42.419,-11.292
0.538,-0.398,0.391,-41.931,31.555,-17.273
0.576,-0.396,0.370,-44.128,19.348,-22.766
0.618,-0.399,0.352,-45.105,5.737,-28.137

2.236,-4.000,4.000,27.893,123.352,-84.717
2.752,-3.681,3.996,-342.346,13.916,-103.027
1.579,-0.431,2.408,-454.712,9.644,187.195
0.207,0.901,1.546,-477.966,112.427,138.672
-0.817,0.267,0.420,-321.167,163.818,95.398
-0.196,-0.425,0.551,-178.406,198.914,104.370
-0.145,-0.626,-0.200,-123.657,181.274,97.778
-0.042,-0.426,-0.137,-109.192,234.619,82.092
0.025,-0.402,-0.037,-108.643,276.794,87.891
0.099,-0.463,-0.053,-111.389,284.973,85.327
0.267,-0.363,-0.019,-106.628,287.659,78.796
0.366,-0.271,-0.039,-95.032,272.827,81.970
0.337,-0.249,-0.133,-83.618,247.437,83.252
0.380,-0.117,-0.119,-77.393,221.375,78.552
0.402,-0.178,-0.187,-68.726,192.017,79.712
0.385,-0.099,-0.196,-59.570,165.100,77.820
0.418,-0.067,-0.100,-51.453,142.761,81.055
0.498,-0.054,0.005,-43.457,112.671,82.458
0.521,-0.014,0.045,-34.851,73.792,82.275
0.542,-0.025,0.103,-27.344,34.119,82.458
0.543,-0.000,0.136,-21.484,-5.310,79.895
0.516,0.017,0.115,-15.442,-44.983,76.416
0.496,-0.006,0.089,-9.888,-81.299,71.472
0.490,-0.031,0.088,-3.723,-111.816,64.331
0.471,-0.037,0.067,3.601,-139.282,55.115
0.435,-0.041,0.052,11.169,-162.537,46.448
0.411,-0.055,0.054,19.531,-180.969,37.354
0.401,-0.064,0.058,29.114,-195.190,27.222
0.377,-0.065,0.056,39.490,-205.200,15.625
0.347,-0.072,0.068,50.903,-209.717,4.395
0.350,-0.101,0.094,63.171,-208.618,-5.615
0.373,-0.130,0.132,75.378,-202.393,-15.808
0.397,-0.149,0.179,88.623,-192.017,-25.757
0.450,-0.193,0.234,101.868,-179.626,-33.630
0.506,-0.240,0.294,113.342,-166.809,-39.795
0.546,-0.274,0.354,123.047,-155.579,-43.152
0.568,-0.305,0.396,130.737,-148.132,-43.152
0.568,-0.321,0.429,136.230,-143.555,-41.931
0.557,-0.336,0.455,140.381,-139.954,-39.429
0.550,-0.374,0.487,143.066,-136.108,-35.950
0.500,-0.369,0.469,143.433,-133.728,-32.959
0.442,-0.402,0.462,142.578,-128.296,-28.259
0.385,-0.439,0.473,140.808,-119.202,-22.461
0.330,-0.464,0.474,136.597,-108.765,-19.226
0.270,-0.484,0.456,132.141,-96.313,-17.273
0.214,-0.497,0.445,127.014,-79.956,-16.663
0.187,-0.517,0.448,121.521,-61.523,-16.541
0.212,-0.555,0.479,117.004,-42.603,-17.700
0.252,-0.603,0.525,115.356,-24.292,-20.630
0.267,-0.643,0.563,114.380,-10.376,-25.024
0.269,-0.662,0.583,112.244,-0.488,-29.785
0.278,-0.666,0.607,108.582,8.301,-32.166
0.300,-0.678,0.632,103.760,15.747,-31.982
0.313,-0.691,0.633,98.877,20.630,-31.311
0.312,-0.690,0.625,92.590,25.146,-29.968
0.305,-0.678,0.616,84.167,31.372,-27.649
0.309,-0.675,0.610,74.341,39.246,-24.475
0.366,-0.707,0.622,64.941,47.729,-21.729
0.451,-0.751,0.649,57.922,55.176,-20.874
0.512,-0.772,0.683,53.101,59.509,-21.545
0.569,-0.783,0.719,49.255,60.913,-22.400
0.623,-0.787,0.742,46.753,58.350,-23.437
0.663,-0.792,0.764,45.593,52.856,-23.743
0.679,-0.779,0.770,45.227,45.532,-23.071
0.706,-0.775,0.777,44.373,37.354,-20.813
0.676,-0.746,0.751,41.443,28.625,-17.517
0.641,-0.736,0.751,36.987,24.048,-11.475
0.617,-0.743,0.720,30.579,20.020,-6.348
0.625,-0.750,0.724,22.400,18.677,-2.258
0.638,-0.764,0.731,13.794,18.433,2.258
0.672,-0.825,0.743,6.775,16.663,6.409
0.676,-0.878,0.728,2.258,13.123,8.240
0.644,-0.897,0.724,0.488,11.230,7.935
0.629,-0.902,0.744,3.113,11.230,6.714
0.654,-0.911,0.779,9.766,10.681,5.188
0.685,-0.914,0.823,19.104,7.874,3.052
0.695,-0.894,0.858,28.625,1.404,1.465
0.679,-0.866,0.864,36.194,-7.385,2.075
0.620,-0.836,0.836,40.283,-16.296,4.517
0.542,-0.799,0.798,40.405,-23.132,7.935
0.462,-0.750,0.750,35.156,-26.611,12.573
0.390,-0.701,0.700,24.048,-26.672,18.372
0.347,-0.659,0.649,8.057,-23.499,24.109
0.323,-0.619,0.604,-10.559,-18.066,28.442
0.321,-0.608,0.566,-29.846,-10.681,31.677
0.335,-0.618,0.539,-48.401,-3.601,32.776
0.350,-0.622,0.516,-64.575,2.258,31.982
0.372,-0.618,0.500,-77.271,6.531,29.785
0.404,-0.619,0.493,-84.656,8.362,27.405
0.438,-0.636,0.491,-87.402,7.568,24.292
0.474,-0.654,0.485,-86.182,4.272,20.264
0.512,-0.673,0.487,-80.200,-0.916,15.137
0.568,-0.700,0.502,-68.481,-7.080,8.118
0.637,-0.726,0.535,-51.208,-14.771,-1.282
0.688,-0.736,0.570,-29.480,-24.292,-13.062
0.705,-0.732,0.603,-6.592,-34.363,-26.306
0.696,-0.731,0.615,14.709,-44.006,-38.330
0.668,-0.727,0.607,32.349,-50.720,-47.180
0.618,-0.729,0.596,43.762,-53.345,-51.025
0.554,-0.725,0.576,48.584,-52.246,-50.293
0.490,-0.714,0.546,48.035,-47.424,-46.204
0.432,-0.700,0.517,43.335,-38.269,-40.100
0.384,-0.682,0.497,35.889,-25.024,-32.837
0.336,-0.657,0.475,26.367,-8.484,-25.024
0.303,-0.630,0.458,16.052,9.583,-17.761
0.296,-0.604,0.450,6.226,28.564,-11.597
0.308,-0.569,0.441,-2.380,46.082,-7.385
0.322,-0.538,0.426,-10.132,61.279,-4.883
0.345,-0.514,0.409,-16.174,73.425,-3.479
0.374,-0.491,0.387,-21.179,82.825,-3.235
0.414,-0.476,0.375,-24.841,89.172,-3.662
0.461,-0.473,0.367,-27.710,91.614,-5.066
0.523,-0.472,0.380,-30.334,89.966,-7.263
0.601,-0.473,0.414,-31.616,83.130,-10.498
0.712,-0.493,0.471,-31.738,68.604,-15.015
0.842,-0.512,0.527,-31.006,43.823,-21.606
0.926,-0.541,0.564,-29.236,10.193,-28.687
0.933,-0.582,0.569,-26.978,-27.710,-34.180
0.846,-0.615,0.533,-26.184,-66.162,-36.438

1.625,-0.819,0.489,194.397,126.648,-43.030
0.497,-0.863,1.534,226.746,37.415,-52.612
1.258,-4.000,4.000,207.214,202.942,-132.690
4.000,-3.129,3.985,-33.997,239.868,-98.694
4.000,-0.570,2.982,-149.048,49.683,188.843
2.338,0.016,1.612,-223.938,134.338,182.495
1.164,-0.408,0.779,-183.044,171.753,138.733
0.812,-0.827,0.294,-95.093,105.469,150.391
0.917,-0.897,-0.103,-61.890,7.263,142.029
1.011,-0.836,-0.155,-67.871,-34.607,114.990
0.597,-0.640,-0.220,-76.111,-54.382,97.107
0.163,-0.507,-0.381,-72.998,-58.289,93.933
0.322,-0.422,-0.039,-65.918,-52.429,93.628
0.674,-0.250,-0.036,-61.523,-83.923,98.083
0.359,-0.320,-0.372,-48.950,-117.554,105.896
0.044,-0.245,-0.316,-45.105,-116.821,92.651
-0.018,-0.159,-0.221,-36.804,-113.342,90.027
0.078,-0.151,-0.133,-25.818,-111.877,89.600
0.134,-0.116,-0.093,-19.897,-111.938,84.351
0.138,-0.095,-0.037,-15.320,-110.474,80.688
0.127,-0.061,0.001,-10.620,-109.131,74.219
0.174,-0.062,0.046,-4.395,-107.849,64.331
0.213,-0.060,0.066,3.113,-109.009,51.392
0.219,-0.052,0.082,10.193,-110.352,39.734
0.212,-0.035,0.118,17.456,-112.183,30.884
0.224,-0.055,0.130,24.841,-115.356,24.780
0.215,-0.087,0.122,32.654,-117.676,18.066
0.188,-0.090,0.135,40.039,-116.516,11.719
0.171,-0.119,0.162,47.363,-112.854,8.606
0.173,-0.148,0.201,52.917,-107.117,5.676
0.210,-0.161,0.246,57.312,-100.464,3.662
0.266,-0.198,0.288,62.134,-93.201,3.296
0.308,-0.243,0.326,67.017,-85.754,0.427
0.338,-0.274,0.369,71.777,-78.003,-4.395
0.393,-0.289,0.421,76.965,-69.458,-10.315
0.491,-0.310,0.480,83.313,-62.134,-15.991
0.579,-0.332,0.527,91.553,-57.861,-20.447
0.637,-0.365,0.578,99.365,-56.458,-22.705
0.651,-0.395,0.622,104.980,-57.495,-22.766
0.636,-0.422,0.644,108.582,-60.608,-21.118
0.625,-0.466,0.647,110.352,-64.636,-18.433
0.609,-0.511,0.648,110.840,-67.871,-16.418
0.573,-0.544,0.658,110.168,-68.481,-14.832
0.527,-0.563,0.677,107.849,-66.956,-13.306
0.491,-0.579,0.685,103.760,-63.904,-11.658
0.471,-0.590,0.691,98.694,-59.021,-9.827
0.470,-0.611,0.704,94.421,-53.040,-9.155
0.452,-0.627,0.715,91.919,-47.424,-10.132
0.431,-0.637,0.724,89.905,-41.687,-12.085
0.429,-0.652,0.731,88.440,-35.339,-13.672
0.425,-0.668,0.735,87.891,-28.564,-14.893
0.406,-0.677,0.735,86.975,-22.644,-16.235
0.393,-0.680,0.736,84.656,-16.907,-16.724
0.389,-0.681,0.739,81.421,-10.559,-16.296
0.388,-0.686,0.734,77.332,-4.639,-15.320
0.389,-0.700,0.723,72.998,0.732,-14.343
0.385,-0.708,0.727,67.383,6.287,-13.550
0.382,-0.699,0.725,60.425,11.108,-13.428
0.404,-0.693,0.729,52.429,15.503,-13.062
0.447,-0.701,0.746,45.410,18.738,-12.695
0.461,-0.702,0.745,39.246,19.775,-12.390
0.462,-0.693,0.731,33.752,18.738,-11.658
0.453,-0.671,0.712,28.992,17.456,-10.559
0.454,-0.653,0.711,24.780,16.418,-8.606
0.438,-0.621,0.681,20.447,15.564,-6.714
0.444,-0.609,0.693,17.639,16.418,-4.578
0.465,-0.610,0.695,16.113,16.052,-3.540
0.475,-0.596,0.680,15.564,13.794,-3.357
0.499,-0.586,0.690,15.930,11.963,-3.235
0.535,-0.597,0.705,17.212,7.568,-2.808
0.543,-0.612,0.693,18.188,0.671,-1.404
0.526,-0.630,0.676,19.226,-6.165,0.671
0.503,-0.653,0.660,20.386,-12.268,2.686
0.491,-0.669,0.650,22.156,-16.418,3.662
0.476,-0.680,0.641,24.353,-18.677,3.906
0.470,-0.713,0.637,26.978,-18.921,4.456
0.490,-0.752,0.661,28.503,-18.250,4.456
0.506,-0.769,0.698,28.564,-17.639,4.028
0.501,-0.763,0.719,25.757,-17.761,3.784
0.486,-0.755,0.722,21.118,-18.127,4.333
0.480,-0.752,0.729,16.479,-17.273,5.188
0.490,-0.759,0.744,11.963,-15.503,6.165
0.499,-0.762,0.756,7.812,-14.404,7.202
0.494,-0.758,0.754,3.113,-14.587,8.240
0.470,-0.739,0.729,-3.296,-15.442,9.644
0.433,-0.708,0.692,-10.559,-15.686,11.353
0.392,-0.669,0.644,-18.921,-14.099,13.550
0.356,-0.635,0.599,-28.198,-9.949,16.357
0.325,-0.608,0.557,-37.903,-4.395,19.226
0.310,-0.575,0.519,-48.279,2.136,21.851
0.308,-0.537,0.487,-58.716,9.216,23.376
0.320,-0.510,0.459,-69.336,15.259,23.926
0.333,-0.495,0.428,-79.407,18.677,23.804
0.343,-0.489,0.400,-90.271,18.433,24.109
0.345,-0.483,0.365,-101.624,14.465,24.414
0.346,-0.480,0.329,-112.366,7.446,24.963
0.356,-0.491,0.312,-120.972,-1.526,25.330
0.409,-0.527,0.322,-123.901,-11.536,24.048
0.484,-0.570,0.348,-117.737,-23.499,19.104
0.521,-0.583,0.375,-104.187,-36.499,11.414
0.540,-0.570,0.431,-84.290,-47.424,2.502
0.574,-0.560,0.510,-57.373,-54.932,-6.409
0.617,-0.541,0.587,-24.841,-59.998,-16.541
0.660,-0.547,0.667,10.681,-62.744,-25.940
0.675,-0.605,0.735,45.471,-63.110,-31.799
0.654,-0.679,0.790,72.632,-61.462,-33.936
0.623,-0.736,0.819,90.088,-58.594,-33.569
0.597,-0.778,0.829,98.145,-54.260,-30.762
0.560,-0.814,0.832,98.083,-48.523,-25.818
0.514,-0.839,0.822,90.820,-41.504,-20.325
0.472,-0.865,0.814,77.698,-32.593,-14.343
0.435,-0.880,0.811,59.692,-21.667,-8.972
0.392,-0.862,0.798,39.124,-10.437,-5.371
0.354,-0.819,0.770,17.822,0.793,-3.723
0.338,-0.770,0.735,-2.258,11.780,-3.845
0.339,-0.721,0.693,-19.531,21.301,-5.493
0.358,-0.673,0.652,-34.119,28.625,-8.423
0.389,-0.626,0.617,-44.922,32.837,-11.780
0.423,-0.580,0.586,-51.941,33.875,-14.954

-4.000,-4.000,4.000,142.761,176.880,-132.690
0.133,-4.000,4.000,-49.805,671.814,-92.957
3.593,-0.660,3.165,-369.263,518.738,61.340
3.956,-0.048,2.803,-450.012,455.322,157.959
1.686,-0.623,1.780,-408.630,357.971,120.911
0.189,-1.073,0.901,-304.687,221.985,124.084
-0.058,-1.257,0.305,-247.742,131.775,137.268
0.063,-0.921,-0.007,-244.263,83.252,106.934
0.249,-0.692,0.135,-256.531,80.566,65.735
0.526,-0.452,0.227,-268.188,66.650,39.429
0.603,-0.657,-0.159,-261.719,8.240,43.884
0.149,-0.593,-0.477,-244.385,-26.367,30.090
-0.078,-0.271,-0.336,-233.398,-31.860,9.949
-0.032,-0.143,-0.311,-209.839,-42.114,7.263
0.066,-0.115,-0.324,-186.035,-50.171,1.648
0.071,-0.085,-0.314,-172.485,-48.889,-0.427
0.050,0.009,-0.265,-165.283,-40.649,2.380
0.048,0.140,-0.205,-156.616,-31.006,7.690
0.067,0.205,-0.182,-143.250,-24.231,16.052
0.073,0.240,-0.198,-128.418,-18.433,22.827
0.069,0.255,-0.212,-114.258,-10.437,27.893
0.068,0.267,-0.212,-100.281,-1.099,30.457
0.080,0.321,-0.198,-86.121,8.606,30.090
0.119,0.349,-0.169,-68.542,17.578,30.334
0.164,0.319,-0.135,-48.157,22.705,30.701
0.199,0.260,-0.093,-27.222,24.841,30.273
0.229,0.207,-0.048,-6.531,23.682,27.832
0.262,0.164,0.006,13.245,19.287,23.926
0.293,0.132,0.069,32.043,12.146,18.372
0.343,0.095,0.137,50.842,3.479,11.597
0.402,0.047,0.210,70.435,-5.432,4.333
0.468,-0.005,0.273,89.600,-15.320,-3.723
0.526,-0.059,0.320,108.826,-26.672,-12.207
0.574,-0.119,0.371,125.854,-37.048,-19.043
0.600,-0.170,0.418,138.489,-45.593,-22.217
0.602,-0.205,0.457,146.484,-52.917,-21.240
0.591,-0.233,0.485,150.818,-59.387,-17.578
0.577,-0.264,0.503,152.649,-64.697,-12.207
0.554,-0.292,0.523,152.344,-67.871,-7.019
0.536,-0.322,0.550,150.024,-68.237,-2.319
0.528,-0.356,0.577,146.545,-66.406,2.319
0.522,-0.403,0.607,142.578,-62.927,6.104
0.521,-0.456,0.647,137.329,-59.021,7.812
0.515,-0.488,0.676,131.775,-56.641,6.897
0.492,-0.491,0.677,127.258,-55.420,3.906
0.458,-0.490,0.670,123.596,-53.467,0.061
0.413,-0.491,0.657,121.948,-49.500,-3.235
0.362,-0.492,0.646,120.911,-43.457,-6.042
0.354,-0.500,0.660,120.178,-34.607,-8.301
0.378,-0.516,0.674,121.216,-24.231,-9.583
0.385,-0.535,0.667,124.268,-15.381,-10.864
0.389,-0.562,0.655,127.808,-7.202,-12.329
0.411,-0.590,0.658,130.615,1.221,-13.794
0.459,-0.618,0.696,132.324,10.010,-14.771
0.499,-0.642,0.738,131.836,16.418,-15.564
0.510,-0.660,0.764,129.028,18.982,-16.724
0.507,-0.669,0.774,123.047,19.409,-17.883
0.513,-0.673,0.776,114.319,19.958,-18.250
0.527,-0.682,0.775,105.164,20.691,-18.127
0.553,-0.699,0.782,96.680,20.813,-19.043
0.587,-0.713,0.796,88.257,20.630,-20.691
0.597,-0.709,0.804,79.712,19.409,-22.583
0.597,-0.697,0.807,70.251,17.456,-24.231
0.645,-0.706,0.834,61.768,14.404,-25.208
0.665,-0.703,0.829,54.688,9.399,-26.184
0.692,-0.709,0.857,49.500,4.639,-26.184
0.720,-0.716,0.864,45.471,-2.563,-25.208
0.717,-0.711,0.844,41.687,-9.949,-23.193
0.692,-0.691,0.822,37.415,-17.334,-19.287
0.670,-0.686,0.784,33.386,-23.010,-13.855
0.646,-0.677,0.769,29.114,-26.184,-8.606
0.613,-0.687,0.739,25.146,-27.100,-3.662
0.583,-0.705,0.730,21.545,-26.001,-0.122
0.579,-0.724,0.738,19.897,-24.109,2.747
0.598,-0.741,0.761,22.339,-23.376,3.906
0.621,-0.755,0.799,28.748,-25.513,3.113
0.634,-0.775,0.828,38.452,-30.701,0.732
0.614,-0.785,0.841,49.927,-38.269,-1.953
0.578,-0.784,0.845,60.181,-46.570,-2.991
0.554,-0.784,0.847,67.932,-54.688,-2.991
0.523,-0.786,0.840,72.083,-61.340,-1.770
0.469,-0.786,0.820,71.045,-67.200,1.343
0.409,-0.781,0.792,64.453,-70.923,5.737
0.365,-0.771,0.760,52.429,-71.167,10.742
0.327,-0.759,0.725,36.682,-67.322,15.503
0.300,-0.745,0.695,18.433,-60.242,19.653
0.294,-0.743,0.668,-0.671,-50.537,23.254
0.298,-0.743,0.642,-18.921,-39.673,25.635
0.299,-0.743,0.628,-33.997,-29.236,26.672
0.311,-0.747,0.614,-45.593,-19.897,27.527
0.339,-0.746,0.611,-53.772,-12.329,28.015
0.367,-0.740,0.604,-58.533,-6.958,28.259
0.380,-0.729,0.589,-59.937,-2.869,28.137
0.398,-0.726,0.575,-58.228,1.038,27.283
0.433,-0.724,0.575,-53.772,4.822,25.146
0.475,-0.727,0.581,-47.852,7.080,22.034
0.510,-0.730,0.590,-41.687,7.629,18.188
0.539,-0.734,0.598,-35.400,5.920,13.611
0.563,-0.746,0.605,-29.358,2.869,8.972
0.579,-0.756,0.613,-23.865,-1.404,4.761
0.573,-0.755,0.611,-19.531,-6.226,1.770
0.551,-0.750,0.599,-16.602,-10.071,0.183
0.523,-0.741,0.584,-15.137,-12.634,-0.183
0.497,-0.729,0.576,-14.465,-13.367,0.122
0.468,-0.713,0.567,-14.587,-11.658,0.671
0.431,-0.687,0.552,-15.564,-8.118,1.526
0.397,-0.660,0.535,-16.418,-3.113,2.014
0.375,-0.635,0.522,-17.639,3.845,2.014
0.359,-0.606,0.508,-17.700,12.146,1.587
0.346,-0.571,0.495,-17.761,20.203,1.160
0.347,-0.541,0.485,-17.029,27.832,0.671
0.354,-0.519,0.482,-15.442,34.241,0.244
0.358,-0.505,0.482,-13.550,39.307,0.427
0.363,-0.502,0.482,-11.841,42.542,1.465
0.372,-0.493,0.484,-10.132,44.373,2.380
0.394,-0.485,0.497,-9.460,45.776,3.967
0.416,-0.480,0.514,-10.376,46.509,6.775
0.436,-0.476,0.538,-13.123,46.997,11.414
0.449,-0.468,0.554,-18.066,47.424,17.456

3.967,-4.000,4.000,-121.094,301.025,-182.922
3.596,-1.037,2.525,-324.036,179.260,116.516
1.523,1.261,1.513,-361.450,269.897,173.279
0.765,0.348,0.581,-238.647,260.681,74.097
0.401,-0.421,0.229,-106.995,210.266,65.552
0.369,-0.753,0.068,-62.012,142.090,73.303
0.411,-0.802,-0.138,-75.195,92.102,72.083
0.402,-0.653,-0.099,-108.826,59.509,67.261
0.405,-0.490,-0.092,-122.314,25.146,75.256
0.380,-0.243,-0.234,-118.408,-16.785,79.773
0.414,-0.187,-0.156,-105.530,-46.387,88.562
0.412,-0.288,-0.029,-93.811,-74.097,97.046
0.309,-0.258,0.036,-90.942,-105.408,96.497
0.235,-0.217,0.092,-92.346,-128.723,95.398
0.120,-0.109,0.058,-94.543,-147.217,90.698
0.038,-0.014,0.041,-95.825,-155.212,87.769
-0.009,0.029,-0.001,-92.529,-156.189,87.524
-0.036,0.035,-0.021,-84.595,-148.132,83.252
-0.087,0.102,-0.023,-72.693,-134.338,73.853
-0.122,0.139,0.001,-57.129,-115.479,66.711
-0.141,0.141,0.017,-39.429,-92.163,59.387
-0.096,0.135,0.101,-21.301,-64.392,50.049
-0.003,0.098,0.190,-3.113,-40.405,40.710
0.073,0.064,0.243,13.733,-23.437,30.518
0.112,0.027,0.297,28.809,-10.742,20.752
0.146,-0.010,0.350,40.955,-0.977,11.963
0.193,-0.053,0.388,50.171,6.897,4.211
0.233,-0.088,0.414,57.129,12.817,-2.075
0.270,-0.123,0.440,62.134,18.066,-6.531
0.310,-0.156,0.478,65.125,21.973,-10.559
0.360,-0.189,0.521,66.284,24.475,-13.550
0.420,-0.227,0.565,66.345,25.574,-15.686
0.475,-0.264,0.598,65.979,24.353,-18.250
0.514,-0.281,0.634,64.453,21.240,-22.156
0.553,-0.282,0.662,60.791,17.090,-25.452
0.604,-0.286,0.696,56.763,12.451,-27.222
0.632,-0.295,0.724,53.711,7.141,-27.954
0.632,-0.301,0.727,51.880,0.305,-28.259
0.617,-0.304,0.730,50.476,-6.104,-27.527
0.593,-0.309,0.736,48.523,-10.315,-25.818
0.573,-0.310,0.738,45.410,-12.024,-23.926
0.563,-0.306,0.745,43.335,-10.986,-22.644
0.564,-0.306,0.759,42.480,-8.301,-21.667
0.567,-0.316,0.773,42.542,-4.822,-20.691
0.548,-0.322,0.778,42.603,-1.282,-19.958
0.525,-0.323,0.769,42.786,2.075,-19.348
0.505,-0.328,0.768,43.213,6.348,-18.372
0.501,-0.333,0.787,44.434,10.620,-17.822
0.496,-0.331,0.799,45.166,13.977,-17.395
0.480,-0.338,0.801,45.837,16.479,-17.334
0.473,-0.351,0.808,45.959,19.043,-18.005
0.478,-0.364,0.819,45.288,22.095,-19.470
0.476,-0.369,0.823,42.664,25.085,-20.691
0.467,-0.368,0.822,38.635,27.161,-21.667
0.461,-0.366,0.820,33.569,29.053,-22.278
0.469,-0.362,0.821,27.954,30.212,-22.644
0.477,-0.356,0.822,22.156,30.579,-23.071
0.490,-0.354,0.828,16.418,30.273,-23.071
0.501,-0.354,0.826,11.841,29.297,-23.071
0.503,-0.354,0.817,8.362,27.649,-23.743
0.517,-0.361,0.817,6.104,26.306,-24.536
0.548,-0.369,0.828,4.761,25.024,-25.635
0.564,-0.372,0.837,3.906,22.583,-26.978
0.565,-0.373,0.838,3.967,19.836,-27.832
0.569,-0.375,0.836,3.906,16.907,-28.198
0.586,-0.380,0.839,4.211,14.343,-28.442
0.612,-0.392,0.850,5.127,11.780,-28.381
0.631,-0.411,0.858,5.981,8.789,-28.015
0.627,-0.416,0.859,5.798,5.188,-27.344
0.619,-0.441,0.839,4.761,2.136,-26.428
0.627,-0.436,0.860,2.869,0.305,-25.879
0.656,-0.455,0.875,2.136,-1.709,-24.414
0.662,-0.463,0.879,0.977,-5.615,-23.193
0.641,-0.478,0.873,-0.427,-9.705,-21.423
0.610,-0.492,0.857,-1.892,-12.390,-20.142
0.584,-0.476,0.855,-3.845,-13.428,-18.677
0.578,-0.479,0.860,-6.470,-13.794,-15.808
0.572,-0.501,0.843,-9.705,-14.771,-13.184
0.549,-0.505,0.820,-13.489,-14.832,-12.573
0.534,-0.497,0.822,-16.907,-13.367,-12.756
0.524,-0.489,0.803,-20.020,-12.512,-12.634
0.512,-0.491,0.787,-23.682,-11.658,-12.146
0.504,-0.486,0.783,-26.917,-10.254,-11.902
0.500,-0.477,0.775,-29.846,-9.338,-11.597
0.484,-0.467,0.763,-32.471,-8.789,-11.047
0.464,-0.458,0.753,-34.973,-8.179,-10.437
0.454,-0.456,0.753,-36.438,-7.019,-10.071
0.448,-0.460,0.748,-37.781,-5.676,-10.193
0.433,-0.452,0.745,-38.513,-3.967,-11.169
0.429,-0.447,0.747,-39.429,-1.770,-12.146
0.435,-0.453,0.751,-40.100,0.549,-12.939
0.437,-0.448,0.752,-41.565,2.625,-13.977
0.432,-0.433,0.744,-42.908,4.456,-15.198
0.426,-0.413,0.732,-44.556,6.958,-16.052
0.425,-0.392,0.720,-45.410,10.010,-17.212
0.418,-0.368,0.704,-45.959,13.428,-18.677
0.415,-0.342,0.694,-46.143,17.395,-19.653
0.426,-0.323,0.695,-46.143,21.729,-19.958
0.441,-0.305,0.695,-45.898,25.452,-19.592
0.451,-0.281,0.692,-46.265,28.015,-18.799
0.457,-0.256,0.684,-46.021,29.602,-17.395
0.469,-0.237,0.682,-45.044,30.945,-15.991
0.489,-0.219,0.684,-43.518,31.128,-15.137
0.505,-0.200,0.691,-41.016,29.907,-15.198
0.529,-0.183,0.702,-37.964,27.527,-15.503
0.550,-0.169,0.712,-34.485,23.560,-16.296
0.561,-0.155,0.721,-31.067,18.372,-16.846
0.571,-0.144,0.732,-28.198,12.878,-16.418
0.576,-0.139,0.738,-25.452,6.592,-14.954
0.573,-0.134,0.738,-22.766,0.488,-13.306
0.574,-0.136,0.744,-20.325,-4.395,-11.902
0.581,-0.136,0.758,-18.677,-8.179,-10.864
0.584,-0.131,0.770,-16.602,-11.414,-10.132
0.585,-0.128,0.782,-14.832,-14.648,-9.460
0.587,-0.128,0.792,-13.123,-17.395,-8.667
0.579,-0.125,0.790,-11.597,-19.836,-7.629
0.570,-0.119,0.788,-10.376,-21.179,-6.165
0.575,-0.116,0.792,-9.033,-21.423,-4.150
0.569,-0.118,0.798,-7.446,-21.301,-2.441

